Box SPC water from DLPOLY TEST17                                                
         2         1       417  -591626.141968    
     17.200000000000      0.000000000000      0.000000000000
      0.000000000000     17.200000000000      0.000000000000
      0.000000000000      0.000000000000     17.200000000000
OW               1
     5.447823189       -0.4124521286        -3.845403447    
   7.64746800518      -1.34490700206      -2.81036521708    
  -4406.48579000       6815.52906417       10340.2577024    
HW               2
     6.292372159       -0.9468998542        -3.876497912    
   4.91519108563      -5.21021469405      -10.5846348414    
   6087.41449889      -6120.00584971      -2245.89093720    
HW               3
     5.060406108       -0.3466407216        -4.764951790    
  -4.37608003431      -5.74054950502       1.94071123133    
   326.079849948       465.865471386      -8253.20334096    
OW               4
    -4.466664618        -3.683882744        -1.548249341    
   2.86546079783      -2.38173615538      0.490616612918    
   6805.48122572       10912.0868485       5870.70632334    
HW               5
    -4.082863318        -4.171396070        -2.332399530    
   8.85476385165       16.3487928587      -8.22286746903    
  -374.444035816      -3273.78816808      -3673.12941068    
HW               6
    -5.434139674        -3.917377662        -1.450964037    
 -0.775977264523       4.36350513420      -19.5331779124    
  -3678.81088975      -1330.02634091      -19.0756426733    
OW               7
     7.963887822        -1.796975147        -3.746869838    
  -1.98683113217      -1.06720500042       4.29008643896    
  -7202.26966388       5807.63805440       391.491818828    
HW               8
     8.153738982        -2.774997726        -3.661473274    
  -5.90157627415      -4.40603815576      -25.2454728906    
   234.589062125      -3895.81288945      -656.531835897    
HW               9
    -8.377061253        -1.286117945        -3.714485936    
   3.05201226263      -8.15622769821      -17.5462187050    
   2972.52056018      -1593.28730352      -568.009991103    
OW              10
     3.273729806         2.666843367        -6.067716803    
   4.25880994642      -3.91800948900      -2.84368160908    
   7961.10575006       4393.80565489       2256.80442837    
HW              11
     2.987969535         1.781984758        -5.699979790    
  -7.55356915625      -10.1305432965      -26.9715837910    
  -4894.12520278      -5484.93643158      -354.365650344    
HW              12
     2.601263746         2.983131754        -6.736853071    
   7.03295438299       24.6394066869       7.86693364870    
  -3621.07121541      -355.224840943      -550.491755591    
OW              13
    -6.268293416         3.401656941        0.1283946698    
   3.02919108428      -2.69033710845       4.50745449766    
   724.114293429      -7470.47735811       3393.80824962    
HW              14
    -5.524421124         4.069186830        0.1587601468    
  -12.0666691132       14.0168625246       7.03786135398    
   1954.83792604       4281.55593773      -412.218010123    
HW              15
    -6.894001289         3.632803172       -0.6166243686    
   4.16569343502      -20.7693906714      -2.05616778058    
  -4221.27381103       1798.30983735      -3275.21091862    
OW              16
    -7.183324363        -4.758243491         6.847581273    
   2.75612524116       3.31114929136      -1.23695532950    
  -4115.48749153       5312.77478572      -7216.00274117    
HW              17
    -7.223393841        -4.355818428         7.762082615    
  -10.4691022284      -21.3080897232       9.01723504665    
   1227.70060427      -607.617253632       2072.16436492    
HW              18
    -6.464814676        -5.453203903         6.819901931    
 -0.425502674972      0.293308019709      -8.05613000397    
   5872.69427418      -5223.09927431       157.666821165    
OW              19
     6.928033416         3.856333036         1.473965800    
  -2.33831829633       4.46288005843       6.12047452287    
  -7462.33355667       8726.95680584      -5495.99137927    
HW              20
     7.608805136         3.522321201         2.125771108    
  -5.68218636955       3.74197712622       9.24352474181    
   4739.93609373      -2248.80698557       6181.75884275    
HW              21
     6.658784368         3.112675547        0.8620256232    
  -20.4564823304      -2.29745645668       22.3077975055    
   894.063903136      -2534.41182611       718.081241839    
OW              22
    0.4092400955        -6.405077395        -5.322398642    
   3.40261023789       6.04544262979      -4.39534741809    
  -3018.13032904       6313.47123129      -3666.86844854    
HW              23
   -0.5109426810E-01    -7.053850273        -4.716551940    
   9.91623719225       21.1394637774       16.7173165951    
  -959.170804285      -2031.76241087       1777.60726321    
HW              24
     1.388266891        -6.395261684        -5.118922658    
   6.45033096667       6.83291084633      -19.0974747409    
   3986.11341243      -31.0214006714       1563.36840523    
OW              25
     7.351605145       -0.3867536546         6.204719389    
 -0.586175530896      -4.26875772229      -4.36469803384    
   850.854087060       12913.1822245      -264.126277165    
HW              26
     6.603496287        -1.037811769         6.076967015    
  -8.06367889005       3.90345496168      -2.22461163083    
  -6156.56118037      -7482.17652025      -1862.57474554    
HW              27
     8.174532695       -0.7310039127         5.752752247    
  -3.73488043605      -16.6316599062     -0.681296962547    
   578.897077632      -3084.21105181      -977.014982212    
OW              28
   -0.9388232450E-01    0.9997942578        -7.048168565    
  0.154127586112       3.24826791141      -2.74420591301    
  -7301.34432129       9027.18820922      -4125.21420870    
HW              29
    0.1553393250        0.7630318795        -6.109181693    
 -0.997899715181       15.1917863981      0.573077938064    
   5703.91470871      -2619.65990941       4857.84884045    
HW              30
    0.1514166525        0.2466931632        -7.658626953    
  0.989413881954      -4.47773972242       7.12273964362    
   4227.42819475      -9437.22360257      -1940.21585789    
OW              31
     5.402609415        -5.577511452        -6.997542690    
  -3.59024654835      0.169464763574      -1.69391925050    
  -5727.27589085       7642.89882902       10684.0783400    
HW              32
     6.387896055        -5.626044362        -7.161002142    
 -0.119580902943       11.9339354936       15.7332557865    
   7357.17872695      -2700.25248926      -1819.79064029    
HW              33
     4.930108997        -6.203608308        -7.617815511    
   17.2747793646      -28.5172615780       11.3679713256    
  -2258.43073847      -6355.32829008      -6969.40538792    
OW              34
     1.853916203        -4.942961568       -0.6879375572    
  -1.16495793090     -0.538728753726      -1.31867073000    
  -8562.09853967       10837.4651899      -310.172601185    
HW              35
     2.670952211        -5.177415688        -1.214575599    
  -11.5869726036       4.13305592487      -19.5674102102    
   5562.77725004      -5198.18860061      -2375.56428148    
HW              36
     1.604361381        -5.711705187       -0.9908449410E-01
   8.37201230383      -7.12551086399      -5.87591935194    
   1553.07757654      -6266.96459957       3749.77879051    
OW              37
    0.6498801175         6.517293257        -8.367827650    
   1.93890943266      -6.01321944945     -0.295556484612E-01
  -352.257787407       487.072209916      -4211.16082527    
HW              38
   -0.4543182920E-01     7.196296053        -8.132539105    
   14.9755579767       11.1804428513      -11.1223494214    
  -2195.66268134       814.025247605       1732.08852965    
HW              39
     1.072220478         6.168327339        -7.531261037    
   12.3429326926       17.4620671625       4.51047252018    
   1625.84260497      -1613.22407054       2731.76047283    
OW              40
    -7.390388248        0.5276844734         1.215183765    
   6.64856538937       1.67990003802      0.494093492446    
   2508.07868775      -11974.7410625       610.828726388    
HW              41
    -7.839110467         1.143517439         1.862688460    
   9.62510996746      -1.55873751063       5.63707003657    
  -1007.50181852       3837.54809159       825.304427523    
HW              42
    -6.807354612         1.057825544        0.5995422190    
   16.4440601788       2.98933653840       10.8983442378    
   374.846305150       6273.83398722      -1970.33316761    
OW              43
    -3.392530693        -3.974724014        -4.565176629    
  -3.24019726744      -2.28278551666      -3.96806935462    
  -9111.11025995      -5383.29499962       4809.67810907    
HW              44
    -3.172303357        -3.189055615        -5.143181203    
   2.24116517865       5.60220350541       8.83828701138    
   2823.10221820       2514.55450157      -1022.46782369    
HW              45
    -2.546881683        -4.419134883        -4.269594117    
  -5.55000897470       4.77248467217       13.2478636943    
   4182.49881804       1628.02171101      -833.130547081    
OW              46
    0.5409459652         6.013306541         3.650000895    
  -3.90284929369       4.67820187357       2.45712481193    
  -1330.84251749      -8733.34539820       8633.21291080    
HW              47
    0.2948830703E-01     6.811286495         3.331405136    
  -10.0838947951       2.04233763426       5.77787282690    
  -2536.31620774       6526.65545124      -1964.86458584    
HW              48
     1.456599016         6.021463157         3.248123736    
  0.494313615626       20.4158900516       12.7952139954    
   1657.85241773       4864.12769491      -2833.24956205    
OW              49
     3.103788752        -4.540572483         1.927656013    
   5.16721524090      -5.55545685695      -4.10104035871    
   11225.2470064       184.500377702       2404.62649303    
HW              50
     2.289530550        -4.108369974         1.540294719    
   10.5819673374       23.4297610574       16.8573716824    
  -3515.04445681       1405.18544261      -1645.91297549    
HW              51
     2.828484029        -5.251910834         2.574337813    
  -3.58831485098      -8.42365470286      -10.9834018471    
  -5220.54826130      -3836.77412838       1060.03192602    
OW              52
     4.668569979        0.1523863609        -6.549975682    
   1.74677606273      -4.29438181966       4.02950524523    
  -1488.96008561      -3379.50960013       8736.69758520    
HW              53
     4.746725291       -0.4260855365        -7.361841565    
  0.954232063336       7.16743288080      -4.21357943494    
   944.065744221       159.716401085      -2455.26993587    
HW              54
     4.779287884         1.111235274        -6.811399856    
  -33.4368740969       2.00586546561       12.2365704162    
   65.1265808116       2599.94778073      -1689.65123881    
OW              55
     5.712296086         3.294943183        -7.856938801    
 -0.609645989553      -2.10749112003       1.71808328060    
  -5959.59529628       2693.04919557      -11430.8219446    
HW              56
     6.307523309         2.521608960        -7.638941248    
   9.41590794673       3.93961279517      -4.20423192228    
   4646.85745364      -3167.88465140       2521.68665373    
HW              57
     5.179769831         3.544643099        -7.048200258    
  -2.40057206583      -13.9336958891       4.19018899951    
   151.960224704      -586.382575178       6234.38395535    
OW              58
     5.273983370        -1.930843621       -0.8453142906    
   1.56216474859      -1.68541291259     -0.525572146128    
   7954.21824535       1209.01504101       5902.02609329    
HW              59
     4.472438118        -1.334072218       -0.8099122856    
   7.70506622499       4.62814248820       32.1297590446    
  -4637.85355506       2396.19544840      -1888.79547478    
HW              60
     5.293569987        -2.411837076        -1.721815261    
  -19.2156995082       24.1240326933      -15.1532142254    
  -2501.73831496      -3047.12625373      -7398.14216670    
OW              61
    -7.190768745        -4.346178734         1.574966815    
  -4.73517875305       2.63533657208      -3.46564045902    
  -1058.13465214       6658.77943320      -9793.10479561    
HW              62
    -6.335497126        -4.856722259         1.662830163    
  -15.9199366128      -20.0420172906      -26.3622208668    
   5419.73497247      -4711.13535773       5538.15884578    
HW              63
    -7.844926418        -4.670699645         2.258162399    
  -5.16409706343     -0.286750637661      -5.26433271637    
  -1395.72549648      -2098.07881092       2989.46615681    
OW              64
   -0.5493951985        -4.912869141        -2.180550235    
  -10.7320925052      -1.53109357641      -1.10534808214    
  -7152.80924571       9404.96578352       336.235260838    
HW              65
   -0.7533718861        -5.787646831        -2.619892588    
  -12.7497869059      -3.53377132526       3.81896758451    
   20.4233128975      -9729.95195044       1800.78960356    
HW              66
    0.8630003400E-01    -5.060118910        -1.422789476    
   1.87344616441       3.48737906862      -10.7050955140    
   6495.57690123      -2309.10464416       1809.65855823    
OW              67
    -7.561575024        -8.384979928        -3.150064605    
  -3.55133483915       9.43249416282      -2.31944495279    
   3113.08546690      -5812.68779030      -4136.37615380    
HW              68
    -7.805936315        -7.506730886        -3.560954347    
  -9.39698237551       8.76512875057     -0.269413372643    
  -435.287466216       4344.24080863       2293.56819572    
HW              69
    -7.796395276        -8.375612393        -2.178074899    
   3.75438551135       8.47059986603     -0.545206334324    
  -1119.33848018       1024.85342509       280.480413804    
OW              70
    -4.825054479        -6.456525850         6.352081370    
  -3.51262330071       1.15607810182       1.15663970782    
  -7743.00848182       7622.00947966       5872.24047686    
HW              71
    -4.684525770        -7.322947705         5.873093842    
   4.89693432463       6.41359025183      -5.88621413596    
   3440.78293815      -8614.23338747      -3974.15075571    
HW              72
    -3.951362819        -5.978001164         6.439655895    
  -7.81552423804       7.96431135817       6.88320204559    
   2661.04404692      -1760.85977684      -2890.23195472    
OW              73
     4.129732631        -7.463707625         2.008012781    
  0.481932704912       2.19626367252     -0.164460991770    
   5645.20850530      -5815.52416598       7850.38384267    
HW              74
     4.746636804        -6.796752522         1.590323503    
  -6.78335546298       6.99711717554      -3.22901857968    
   1622.80800323       5398.78958009      -5284.99882032    
HW              75
     3.231198648        -7.405479613         1.572997298    
 -0.212256954622      -9.44544819907     -0.288872051681    
  -6241.30353921       3013.92466894      -2254.16155585    
OW              76
    -1.649736321       -0.2769387266E-01     3.325831489    
   6.12755555747      0.551365060210       1.66765185754    
  -12374.3399004      -6395.54292264      -14281.4445422    
HW              77
    -2.117800919       -0.8081234499E-01     4.207850854    
  -4.16628068219       11.6988711296      -3.12367357949    
   2287.04849032       2522.25250607       11874.6549054    
HW              78
   -0.7548875351        0.4015834010         3.448138326    
   7.56620628196      -4.20253666974       7.82730027471    
   5298.42996838       4297.20500537       2062.74586392    
OW              79
    -4.585704496         3.081894202         6.432935403    
  0.594328708580     -0.418234583630      -1.92938876107    
   9423.61920354       5399.48612604       758.830751931    
HW              80
    -5.278064581         3.576451289         5.907659284    
  -14.4319807303       4.39139248840       22.4049595598    
  -3247.14135995      -334.941570740      -1969.72040432    
HW              81
    -4.979044975         2.234078780         6.788582093    
   17.7597888524      -15.4251282920      -18.7191010294    
  -1472.93325796      -2361.58522469       184.725365922    
OW              82
    -4.077800660         5.401992354        0.4864640387    
  -3.19982374342      -1.61603561822       6.10497093615    
   1945.57735549      -10240.0440549      -11108.4641986    
HW              83
    -4.590752084         6.254403341        0.5871643247    
  -18.4323643665      -12.3413618481       19.3008869403    
  -4215.48364115       5677.57930587       4055.88878359    
HW              84
    -3.514970793         5.253071494         1.299506109    
   18.9626777623       8.90293128914      -7.31035474645    
   1733.98196014       1439.95298288       9130.91483794    
OW              85
    -4.381012444        -6.136632310        -7.216899399    
   2.57524635797       3.34264656183      0.375041103017    
   6113.10560703      -7383.64735646       3913.62106232    
HW              86
    -4.108584514        -6.233579577        -8.174108075    
   13.2199975733      -8.37196140320       4.59107765538    
  -1578.91290321       1008.93811052      -2120.04645874    
HW              87
    -4.903325617        -5.291598844        -7.102445559    
   30.1575941731       21.6989502838      -9.28009447273    
  -4591.29632788       6734.47136896      -515.435415231    
OW              88
    -2.406666941         2.676384096         4.630078954    
  -7.14846582338      -2.03271018019      -5.44104731454    
   10309.5408279       6273.38753716      -4678.55977412    
HW              89
    -2.832296360         3.139866752         5.407181023    
  -9.36306315639      -7.50460591923      -3.39044025133    
  -5859.58019213      -1433.55311221       3469.91246223    
HW              90
    -3.108110609         2.198206399         4.101576201    
  -2.21771169221      -19.1346711689       3.48819672183    
  -5043.24977592      -2859.99088410       533.653846025    
OW              91
     1.538664988         1.997866234        -2.458953691    
   4.92481490682       6.72837201661      0.493371265365    
   6336.22064067      -9282.71110711      -4447.99397898    
HW              92
     1.767706331         2.966526134        -2.554359468    
   2.35032821566       7.15978460187      -1.30706290296    
   21.9461666520       4620.77247408      -692.489252755    
HW              93
    0.8051833512         1.892869946        -1.787408638    
  -1.44845393395       6.89785782928      -6.44120483992    
  -2240.85904862       1671.37584706       453.029285800    
OW              94
    -2.598423385         4.758902168         2.855237862    
  -1.03011526997       1.60519268356      0.470176894510    
  -12385.6457314       3659.26291861      -7639.43305158    
HW              95
    -2.305387866         3.983118998         3.413946068    
  -7.10867694766       1.86185308343       4.01468773142    
   4983.75313045      -5316.52077340       5051.96822432    
HW              96
    -1.799559096         5.296308174         2.585047332    
   3.54850318424      -8.02122125605      -5.13919028439    
   5334.96697260       554.540290312       3352.75124746    
OW              97
    -1.161639118        -7.505294749        -2.489283142    
  -1.06350112022      -3.01166702307      -7.95804382000    
   8096.00095528       9100.64126254      -5922.45975262    
HW              98
    -1.413693651        -8.314117618        -3.020450046    
 -0.331666815176       3.79475870428      -18.6696579794    
  -2839.53334822      -5851.15631178      -1849.25425185    
HW              99
    -1.799435903        -7.394405327        -1.727107907    
  -13.7630224611      -1.68623744480      -18.7779834164    
  -9022.74891578       1735.81177019       5856.39176096    
OW             100
     2.708899897         7.074922979         2.087864274    
  0.197908614951       3.24212550901       3.93685708068    
  -8694.07269076      -2306.53891976      -4818.91733388    
HW             101
     3.061422016         6.164167922         2.302614319    
   23.9810769295       10.3485359704      -4.96602174208    
   6087.41107062      -5186.62474774       2215.52674812    
HW             102
     3.456640706         7.738175984         2.119031967    
  -12.0254914412       18.0005491802      -16.8742376867    
   3595.33695699       3687.32847531       3436.85286680    
OW             103
     5.694911591       -0.5331145581         2.264084711    
  -4.97913782839      0.266155213295      -5.23721786349    
   7305.11209810      -2090.23968856       1682.91463232    
HW             104
     5.273569518        0.3450266064         2.490365848    
  -12.2984656186      -3.33507041920      -4.89055298326    
  -3940.38411868       1228.10668998       513.611474870    
HW             105
     4.987642633        -1.177830389         1.974077110    
  -1.04014306739      -9.23689884168       6.28262044877    
  -6006.75739833       1489.29548634      -1540.98390251    
OW             106
     3.676425490         4.105896487        -3.384658293    
 -0.321714514268       1.79945229225       2.89327751403    
   2451.65015513      -3801.47698339       14176.9790477    
HW             107
     3.362341643         4.977864030        -3.760008983    
  -12.5469820482       2.41871112868       14.5616526698    
  -1179.68767221       5678.37606497      -4971.64952321    
HW             108
     3.773888435         3.439878264        -4.124193952    
  -4.62938787050       8.96229201345      -4.12520799843    
   170.818652128      -455.944105898      -7198.69653195    
OW             109
    -2.162672689        -7.411782899        -6.423536305    
  0.652622235860     -0.966559601567      -2.67574046326    
   4300.75832425      -9567.09567724       6920.85305481    
HW             110
    -3.151344856        -7.316369475        -6.538809134    
  -1.32611169866      -11.0560555534       5.94420779262    
  -6465.01323879       6382.01118627      -3268.71965596    
HW             111
    -1.704300025        -6.601530740        -6.788746149    
  -11.3316735948       7.46780741727      0.995273641540    
   19.8872635799       4576.42565934      -2420.35651259    
OW             112
    -3.107795091        -6.725926686       -0.9621859020    
  -4.03108543730      -3.45104554147      -4.30737038050    
   9957.80398508      -5635.14027785      -10970.2293104    
HW             113
    -2.832598888        -6.154558181       -0.1890951681    
  -1.67843085917       14.7974197059      -18.6317432033    
  -1228.13513946       3305.13465983       3874.88208304    
HW             114
    -4.045541879        -7.044765061       -0.8244711871    
  -19.3491682509       36.7189154499      -15.6115934435    
  -7964.33964751       1133.42739777       5083.01030574    
OW             115
     8.341478279        -6.297569537         4.146189841    
   1.46806112475      -4.94922626519       4.49138963724    
   7837.65434890      -7583.43563651      -7205.41544406    
HW             116
     7.343346553        -6.238955410         4.133476005    
   2.72002567447       14.0145562840      -6.36921675562    
  -6273.93579354       400.883193391       1710.67573905    
HW             117
    -8.502095819        -5.757131271         4.908344253    
   4.79881061081       8.16926333460      -6.36848211672    
  -618.648208485       1614.23199032       3405.35870762    
OW             118
     7.429149675        -3.012554320         2.861232518    
  -1.66423926250      -7.49205354033       4.04094677949    
   6957.69204584      -6334.74825486       7756.38885962    
HW             119
     7.809972614        -2.615448914         2.026280193    
   30.3976669750      -13.4410695141       15.8350608361    
  -1545.12637610       4112.47432372      -7668.56424586    
HW             120
     6.545586479        -2.588394961         3.059719818    
  -1.46159000422       5.88814633536      -23.6499109968    
  -1877.20885473       3663.69917229      -2193.60658194    
OW             121
    -2.467060344         3.136211082        -3.161042643    
 -0.311055476286     -0.771952697220      0.118452838295    
  -4467.24433874      -1473.63443599      -11684.9702859    
HW             122
    -2.585872199         3.159525549        -2.168468021    
  -15.0568157897       14.9133608748      -2.01505512136    
   127.599265418       406.968368860       8844.38443618    
HW             123
    -1.548775636         3.455675868        -3.394896730    
   1.60714031007     -0.204585303355       8.42578576829    
   4421.71881354       1422.17817032       2561.11167135    
OW             124
     1.581409506        0.6930901864        -4.872515620    
   4.86323472485       1.42104265245      -2.44308851132    
  -2878.95972354       4242.53849939      -11383.3066564    
HW             125
     1.913808241       -0.2243259542        -4.654059889    
  -3.53093117555      -2.86690783265      -7.67813019624    
   3030.99757138      -6809.95640053       5193.32633268    
HW             126
     1.754242888         1.303580270        -4.099584336    
   10.1262047217      -4.65491408380       1.17908915937    
  -1242.57461466       1188.53257738       9158.02130190    
OW             127
     6.729222253         2.122854592        -2.676455053    
  0.630909226451      -4.70229265343       7.30528931143    
   9943.35149729       11278.7228938      -3153.24650715    
HW             128
     6.141007073         2.143363472        -1.868094682    
  -34.4848833196       14.8593794054      -18.7435262569    
  -6423.68445917      -583.005115988       2939.56918951    
HW             129
     6.732301103         1.200897322        -3.063724473    
  -3.88139838527      -7.55431056608       14.0591040635    
  -3711.76228638      -5845.32761311      -552.809786071    
OW             130
    -6.379008152         7.532967094        -5.396188232    
  -2.06781473885      0.164520153994      -4.98067042760    
   6802.65409682       1072.61492131      -8923.90411480    
HW             131
    -6.837971998         6.707050472        -5.723416167    
   21.1675547776      -22.4218609973       19.4373947688    
  -1928.50586700      -1941.49644267       3217.93024009    
HW             132
    -6.721166847         7.766640465        -4.486069298    
   4.77825813560       6.91880951910      -4.14105950518    
  -4045.01502670       1640.11340038       6565.97778893    
OW             133
    -4.400950197         6.261759275        -6.720891415    
   1.90607972671      -1.88644543876       1.39847923661    
  -2323.21893561      -13137.7960537       5565.21964830    
HW             134
    -3.736842150         6.431953441        -7.448805317    
   22.3591938804       7.10596187951       22.1612822143    
   1879.52378743       4198.71392560      -6351.07054470    
HW             135
    -4.945776582         7.086007073        -6.566709485    
  -6.50013988117      -5.70507270503      -7.89207206963    
  -3430.50858894       5548.79634914       2114.39569775    
OW             136
     1.932039339        -2.240243759       -0.2008989479    
  -1.52246313086      0.104417628275       2.79413101898    
   105.080556224       6098.75621274       8937.46865066    
HW             137
     1.692951033        -3.167943988       -0.4873832727    
   24.5330882614      -7.32434106207       5.10519458943    
   356.997808942      -7145.34848160      -3314.78659657    
HW             138
     2.340489423        -1.748292660       -0.9697584508    
   4.76607543350       2.57995755587       7.71882620669    
   1442.92705023       1525.57901435      -3793.90668974    
OW             139
    -2.994756989         7.216387965         8.097417025    
  -2.09284586654     -0.258143340230E-01   2.61637744324    
  -9676.93430343       43.5670470283       4447.12337183    
HW             140
    -2.584398030         6.324082113         7.909640589    
   10.1235956905       12.2239610672      -28.8967355166    
   3110.11112780      -7036.32623089      -1430.87139751    
HW             141
    -2.308839091         7.932765451         7.969697709    
  -21.7356968928       16.8990638934      -7.94413469358    
   8266.36301584       3194.86000624      -4331.60538451    
OW             142
    -4.901814336        -6.128323191        -3.436053623    
   2.36610600865      -6.24842779458       8.09299857518    
  -11731.3004951       3751.40668523       4686.90812620    
HW             143
    -4.075469884        -6.571541295        -3.088811981    
  -1.35946563517      -10.3307136934       11.7482699876    
   3412.66520336      -1026.91481982       397.998888352    
HW             144
    -4.658031806        -5.498594365        -4.173619874    
   7.63955515271      -14.5078960353       2.78411892103    
   5801.86798811       2812.26689658      -4879.32419979    
OW             145
     7.953003691        -1.912660333        0.2938741147    
   6.57268935767      -3.33780656049       3.15101314336    
   5466.47006435      -9080.27434259       1486.46458098    
HW             146
     7.127470163        -1.608024816       -0.1810530332    
   12.9009795702      -4.43646024413      -8.55373926845    
  -7507.45728286       2038.86019121      -1118.70573192    
HW             147
     8.551289138        -1.128699848        0.4595628990    
   3.17227129672      -2.53883462667       11.6492239329    
   560.952817742       5209.07541774       917.675039742    
OW             148
    -5.183204992        -6.051599017         2.630444986    
  -6.80517184519      -1.99323396913       1.29304464762    
  -3373.11485454       6396.25309729      -6713.39545583    
HW             149
    -5.726622700        -6.877377927         2.780946104    
 -0.709396079614      -3.62987068810       14.3231964648    
  -3139.28593157      -4637.04318462       3768.41444773    
HW             150
    -4.486324803        -5.976020367         3.343633713    
   10.7374632677     -0.443449934997      -16.0126768294    
   799.182776249      -1374.45172108       1833.55987027    
OW             151
    -7.275161754        -8.064057402         3.076539150    
  -5.99249606247     -0.652625046601     -0.678967627866E-01
   13627.5225921      -64.4302077542      -11772.6829155    
HW             152
    -8.020189915        -7.482872160         3.403679721    
   3.34876150874       2.58116998028       15.4607977864    
  -7611.77040402       6565.54626594       6596.78175241    
HW             153
    -7.338539526         8.236732349         3.509432297    
   5.49784125742       3.14512497273       9.50307414045    
  -2015.10746926      -5891.96916431       6292.35549027    
OW             154
    -6.934592629         4.837845272        -3.640072433    
  0.414171144499     -0.710986188049       7.45402228082    
   401.547991131      -2732.26288553      -11738.9179482    
HW             155
    -6.164772756         5.110645590        -3.063165553    
   14.2458159535      -18.5169856950      -2.58294022100    
   6974.17540252       3027.48002460       5861.20682509    
HW             156
    -7.556848354         4.258043530        -3.114125625    
   1.72107906601       1.11967504437       11.0183589737    
  -2147.26291858      -2071.61209813       6953.06047051    
OW             157
     4.569802663         2.083213897         3.760055971    
 -0.798026016037      -1.77587528594       1.50957259059    
  -2226.34120570       3683.33794754      -7348.30585651    
HW             158
     5.510754248         2.245441975         4.056967348    
   3.36880846793      -13.8624734561      -5.09173701450    
   4126.12102668      -95.0393352419       4097.29492333    
HW             159
     4.020909506         1.782230999         4.539875109    
 -0.587706353558       11.0670909875       6.61454636093    
  -4515.94559916      -1528.95865058       6205.51510912    
OW             160
    -3.913080958        -1.317646582       -0.6082722680    
  -5.37018075363      -2.30149337683       3.97048395204    
   8406.06955546       12104.3560484       1544.52701303    
HW             161
    -4.502756142        -1.376204939        0.1971582363    
  -18.0451531781      -14.4571043931      -6.19293703477    
  -5636.09237951      -5393.38161489       3232.81854066    
HW             162
    -3.967764885        -2.172142809        -1.124836065    
   15.5352163685     -0.705232619538     -0.883104327830    
  -4704.43354187      -9816.89715860      -2203.28523433    
OW             163
    -5.844911401        -6.908465392       -0.3434142915    
  -5.45977132859       2.58504114993       3.25954462082    
   6616.06950586      -7381.42757208      -408.473186099    
HW             164
    -6.259418332        -6.536758327        -1.174005685    
  -7.26678102331     -0.115233347154       2.95290399566    
  -2581.81786730       1737.66546696      -2760.52527303    
HW             165
    -6.466531099        -6.774898754        0.4284284355    
  -4.04105386238       4.54679947048       4.06265805117    
  -2136.10862043       3170.58528396       1934.95259294    
OW             166
     1.607191550        -6.251620186         6.678965609    
  -4.46353093111     -0.858613871669       2.56718508135    
  -2205.97093886      -8575.20908960      -7172.36127295    
HW             167
     2.206571675        -6.509121689         7.436791870    
  -6.88781266238      -18.7387923247      -1.59090061390    
   1735.65723075       2028.54543189       2738.19546342    
HW             168
     1.453749185        -5.263606657         6.695608846    
   21.8750341551       3.17375025973       6.01731900923    
   2396.94699283       8502.73178205       208.030171669    
OW             169
    -4.796620794        -1.126854598         7.770103949    
 -0.746828682470      -2.04325137306      -1.94220912914    
  -3177.78222884       435.774631733      -11434.6278379    
HW             170
    -5.291252648        -1.012276195        -8.568458115    
  -11.1053110766      -14.0684756497      -6.29052511677    
  -273.620017065      -188.233603997       4881.28351791    
HW             171
    -3.822722764        -1.253201103         7.958654943    
 -0.560452104490       12.8595989480       7.08140419535    
   1262.64824712       22.8852733404       3973.17234269    
OW             172
    -4.130711245        0.5090987269        -3.928892728    
   5.17341895712      -3.47031977396      -2.18872123050    
  -12829.9823117      -9025.42575179       3364.84048175    
HW             173
    -3.920844102         1.378397953        -4.376261522    
   1.05675150148      -2.73438208423      -2.68988084823    
   4260.19062272       3495.75808294      -3944.65917798    
HW             174
    -3.280075708        0.2356812523E-01    -3.727220942    
   6.96904182588      -4.40918131926      -12.0228515756    
   6008.69592672       338.290426074      -1291.37685297    
OW             175
    -7.667009420        -3.610438738        -1.055743763    
  -5.03688935451      0.535902189689      -3.84448463292    
   8799.10595834      -8973.67965603      -15374.0613757    
HW             176
    -7.380993433        -3.721189164       -0.1040119743    
   27.0120514817       22.8298150869      -10.8816028273    
  -2716.65713118       764.742871454       11069.2545719    
HW             177
    -8.436210778        -2.973050827        -1.101111295    
   9.66808355022       18.8763325195       4.50693831578    
  -4147.93599815       3643.17249018       7209.91048323    
OW             178
     5.486644128        -5.217128624        0.5522815834    
  -3.52844088948       2.13039855565      -3.89601872407    
  -916.481119407      -12647.3866527      -1553.21812589    
HW             179
     4.536819798        -4.906522204        0.5872329066    
  -3.68805848333       1.20511420453     -0.108843911606E-01
  -4271.61597756       6598.55495608       3209.55375902    
HW             180
     6.096658130        -4.424849119        0.5393049567    
  -4.08914823700       2.64973868360       1.45384668397    
   236.004509008       4197.73489728       315.367661864    
OW             181
     1.949308826         3.342387315        0.8932209677    
  -2.77559181438       1.76605010726      -6.06061685185    
   2554.38409529      -781.944999827       10960.9848473    
HW             182
     2.639136260         3.154943579        0.1940306088    
   5.45128853938      0.815498338319       2.31092698012    
   2087.53336462      -623.320159092      -3894.83019901    
HW             183
     1.357454432         4.087910739        0.5867972578    
   4.42208815897       5.23030690000      -11.5343901982    
  -4626.29201654       2979.57640562      -5195.97546276    
OW             184
     4.484190372         6.840454886         4.355778326    
   1.79354393965      -5.28694626082      -4.85240799670    
  -1345.75700204       5604.12442941       3483.13749470    
HW             185
     4.045933095         6.104127231         3.840398519    
  -8.48834303041      -5.32805099265       3.94960223763    
   25.6121123383      -6286.01497885      -1704.17765850    
HW             186
     5.401464442         6.554084308         4.632531758    
   5.47877229803      -7.10134979432      -18.9442159099    
   3964.69416755      -4979.88284818       94.0194243709    
OW             187
    -1.384622321        -6.539342875         3.757326370    
  -6.25284404047      -2.48200975748      -1.35320274888    
   6780.73987186      -15736.1797763      -2941.50153207    
HW             188
    -1.588733114        -6.292754362         4.704636821    
   9.94064736337      -5.58936387093       2.94475914144    
  -1650.66928929       4269.41929597       6685.28473982    
HW             189
    -1.286391733        -5.708320871         3.209836213    
  -22.2592003751     -0.820884298085      -1.70367840580    
  -1041.71148449       12534.3623872      -2785.83058102    
OW             190
     4.624035220         3.687706743         6.948375887    
   8.88768369212       1.63109789919      -1.82796806139    
  -5880.14021801      -11400.4175156      -8529.64027173    
HW             191
     5.148480272         4.407426898         6.493596284    
  -18.9004017135       15.5860235028      -11.7881392116    
   5054.75065538       5867.14164909      -35.0719898538    
HW             192
     4.768118697         3.743264655         7.936376676    
  -5.17733593199       30.3155042984      -1.38981941743    
   6395.53361214       1013.16604617       8462.19830818    
OW             193
    -3.495671114        -1.333985091        -6.773429814    
 -0.714167102123       3.81285194104      -5.87072782860    
  -4656.52141487      -6880.34647844      -3639.06460052    
HW             194
    -3.333627944       -0.5918277063        -7.423667177    
  -6.99542545310       13.5844428990       3.71688390413    
   3280.35362786       5504.14407113      -552.231373431    
HW             195
    -2.900135721        -1.217374067        -5.978614267    
  -9.98052679679       5.00326124915      0.897673132671    
   3467.23647500       3449.03979529       4350.12599748    
OW             196
     2.164801158        -3.603122805         6.196385229    
  0.957195757639      -2.52484540765      -2.73231322063    
  -3639.52204762      -7193.79928265       5142.62034440    
HW             197
     1.818276338        -2.725004139         5.866699989    
  -9.79703753972     -0.646933150043       13.5730529520    
   662.105505053       5467.79146864      -2055.27863451    
HW             198
     3.005967886        -3.834742514         5.707730815    
 -0.993172014272       12.6203776832      -13.2684231706    
   2713.76420056       442.827611549      -2460.31113667    
OW             199
    -1.791964600         7.614152408        -4.378583407    
   7.26764513640       6.70351655805       1.82098730407    
   4036.58446005       1477.02463274       9268.35200911    
HW             200
    -2.341545463         6.806109792        -4.590461215    
  -6.11466468437       12.7353230877       13.5291726591    
  -1571.12553112      -371.874558989      -3222.31588660    
HW             201
    -2.023469321         8.351170243        -5.013565741    
   6.73552606254       7.04552312581       2.41195337890    
  -2183.74151648       3768.00517696      -7215.81551054    
OW             202
    -3.435360990         2.504617357        -5.776210253    
 -0.724175232308       1.24076184820       4.16279279475    
   901.140865907      -9960.47434581      -2180.36582546    
HW             203
    -3.070587934         2.873466751        -4.921368196    
  -15.5094320502      -5.55826970481       13.4055317548    
   1766.78035525       4510.46278109       6350.50313642    
HW             204
    -4.205377191         3.065595830        -6.080135400    
  -6.78573396885      -6.81324880662       4.65426850788    
  -5543.72286326       5168.92782471       272.157070828    
OW             205
     5.074526367        -3.310588425        -3.334380344    
   4.66284267368       6.61887601642      -5.77202673595    
  -5515.05192476       6995.34487253       6358.38129252    
HW             206
     4.393077138        -3.575752218        -4.016420895    
   2.41497744751       10.7305346037      -5.12464142011    
   874.074172576      -3192.25350381      -1325.05531713    
HW             207
     5.963265749        -3.695503286        -3.583328433    
   6.90917730840       20.2267940806      -18.7927486698    
   7496.03216239      -5017.60201312      -2718.59383170    
OW             208
    -2.594331823         4.515991994         8.022387299    
  -1.44758053690      -1.41073297428      -1.43749864374    
   1637.56308817       9943.22679575       3009.81593639    
HW             209
    -3.296590689         4.088799545         7.452998770    
  -10.4589225859       1.00860207415       7.86155272663    
  -3874.35031810      -4921.57699390      -2517.94313600    
HW             210
    -1.739614806         4.003682673         7.938779468    
  -10.4089220995      -17.3285691127       4.48831821408    
   580.023359418      -2131.90565112      -2259.55294462    
OW             211
    0.7656203529E-01    -3.308945624        -5.028276477    
  -3.52021828804       2.70258702661       4.04103410456    
  -8147.03727764       5535.67477712      -6503.03449484    
HW             212
    0.9167860112        -2.789180418        -4.874224535    
 -0.520387917461      -1.20904088765      0.877157658949    
   6095.11301699       1055.82748486       4562.80414465    
HW             213
    0.1180242317        -4.168897873        -4.519596513    
  -3.95055924535      0.751016186115      0.776870052397    
   2264.94173405      -2727.11535430       3739.83493231    
OW             214
     3.542458490        -3.296141235        -6.444970781    
   5.10978646903       3.11597317846       4.25336146757    
  -3920.90469915       8401.48003807       4600.75783870    
HW             215
     4.458654413        -3.628091962        -6.669153619    
   9.54297405832      -2.18790390544       30.2245477281    
   2686.37479359      -4374.42164550      -2138.45186459    
HW             216
     3.066837134        -3.978384172        -5.889704006    
  -8.04489032772       13.6605135911       5.94136630838    
  -63.8211965046      -5600.04113639       760.553914077    
OW             217
    -5.654991648         4.201585042         3.678632244    
   7.60731170266       2.15623487698      0.446975123028    
  -10016.0877793       9636.21568976       4523.02094746    
HW             218
    -4.748725128         4.622430378         3.640758781    
   13.1886259664      -10.3175431376      -4.60598338533    
   5819.09373614      -2649.05454333      -2499.60312761    
HW             219
    -5.564140216         3.207496789         3.619244934    
  -5.76915736781      0.393299397325       9.49338736577    
   6124.74504516      -11958.7710262      -1549.23060098    
OW             220
    -6.654267710        0.9882388279        -2.573968480    
   2.87814649008       1.86021677479      -4.74046768657    
  -10278.7802348       7082.65868090      -183.548785638    
HW             221
    -6.519303233        0.7916296146E-01    -2.967960687    
   6.54710976956       6.02629128765      -13.0962118486    
   3755.26740637      -3361.83541447      -805.330489779    
HW             222
    -5.775133590         1.352980822        -2.267245858    
   4.76233966867       12.2203312595      -22.4608017509    
   4897.22485692      -1588.37092898      -571.540360252    
OW             223
    -2.793748908        0.9095470904        -8.337652100    
   4.50755066940      0.243094415022     -0.903968566029    
  -4983.60702818      -11337.7239586      -6044.44221291    
HW             224
    -3.228663700         1.279574317        -7.516803041    
  -8.25387756128      -16.3336615537     -0.192854712400    
   1365.13474038       6418.90281451       5829.16978744    
HW             225
    -1.801250497        0.9032836963        -8.215586692    
   2.93967059883       3.46718455767       12.0097000448    
   5583.67283022       3339.01721148       4963.46143647    
OW             226
    -7.252248425        -2.956470870         4.510328036    
  -2.49392432361      -2.94736867680       3.65578077642    
   8233.72638097       9457.49184827      -243.493678286    
HW             227
    -8.107868339        -3.078351835         4.007412741    
  -1.73703309260       14.8847540886      -1.95352874127    
  -6704.68258863      -1733.98531250      -2467.32513344    
HW             228
    -7.186884105        -3.647433463         5.230251984    
  -23.2146244085      -2.16535883224       6.28763381350    
  -2137.87555617      -5121.86762781       4490.30699139    
OW             229
    -6.130867039       -0.5034209390         5.394563387    
  -4.69932405178       6.09950753621      -5.48052412264    
   2105.97531699       9798.06561054      -5537.28935528    
HW             230
    -6.391630108        -1.369234935         4.967675876    
  -3.45269667219       7.02334060343      -8.11574289074    
  -3318.66811411      -7824.80946033      -779.837927479    
HW             231
    -5.780864976       -0.6771767629         6.315052257    
 -0.693080846442       3.41111145102      -7.51131224034    
   2693.69455045      -4116.44774687       6493.40467653    
OW             232
    -6.520034925         6.782940717         4.204506256    
  0.728872915884       1.27711765289       2.80465296836    
  -7337.18927715       4863.63333675       4311.90506439    
HW             233
    -5.656523340         7.266604340         4.346919186    
  -10.8076990759       17.5986351799       17.3246776794    
   2855.45045298       2612.76742731       1136.35335071    
HW             234
    -6.344506423         5.917797449         3.734709319    
   24.7685879911       5.47394270102       4.05796094314    
   2106.88710769      -6873.06359899      -2916.72299922    
OW             235
   -0.1195525780E-01     4.695952186       -0.7424966235    
 -0.337805755159       1.49547198538      -3.12805235275    
   7269.60148188       3593.17623200       6025.16874845    
HW             236
    0.2079779696         4.695009034        -1.717941489    
  -12.3958321214      -18.0558012750      -5.82786750259    
  -2714.71256685      -2304.42763044      -5455.20210086    
HW             237
   -0.7922652306         4.093225634       -0.5756753419    
   2.83785949674       3.46743415987       18.8509013777    
  -5951.54886826      -3217.78604087      -1036.45231345    
OW             238
     4.828684078         3.537887059        -1.087842086    
  0.156138985464      -6.04871711504     -0.316981947735    
   2886.59647893      -7595.30291858       6179.79403248    
HW             239
     4.573398533         3.788209744        -2.021668646    
  -8.09659667296      -17.7918684775      -1.20876753304    
  -5093.17233678       4431.70259500      -9443.94059548    
HW             240
     4.984028956         4.366916394       -0.5506543907    
  -6.85631822112      0.809198956898      -8.87277041244    
   603.289642028       2978.13339171      -1485.13806520    
OW             241
     1.389714777        -7.233569604         1.415030988    
   3.83735480677      -1.66485054829       4.24051466206    
   9034.25709278       7692.45888463      -8464.58209291    
HW             242
     1.273398026        -8.206023354         1.213367117    
   3.27386052089      -4.14725594177       16.5360649048    
  -5872.31890642      -6169.75567632       1257.63506295    
HW             243
     1.284110784        -7.081501320         2.397739147    
  -7.58606875025       12.5091532005      0.819584924272    
  -600.293712082      -1034.35035959       11012.7706104    
OW             244
    -7.636575019         2.203964614        -5.672349455    
  -2.36795653500      0.518729526605      -2.50396764640    
  -10170.6129903      -4160.38938003      -6237.72568740    
HW             245
    -6.895770550         2.794433518        -5.992379786    
 -0.439302859953      -1.07706880353     -0.983843071884    
   8000.07980837       6696.06256499      -404.591833108    
HW             246
    -7.461684594         1.932184367        -4.726019107    
  -3.98452426028      -1.31932652041      -2.73308965466    
   2875.39973569       321.690290298       2724.07203192    
OW             247
     6.546771776         5.868370078        -3.052915431    
 -0.579093932931E-01  -3.46263564680       2.36193856982    
  -7586.77891920       5835.19770713       4773.22714489    
HW             248
     7.311124488         5.592641928        -2.470160663    
  -12.2091373055      -8.30963897509       16.0063893533    
   2264.78063394      -1030.91652628      -236.949183215    
HW             249
     6.390936856         5.170152038        -3.751628059    
  -9.84480246029      -15.6577991393       16.7312550061    
   1152.43796793      -4340.42725206      -4351.53353562    
OW             250
    -8.242203947         6.288823224         6.398014987    
  -3.80922764730      -1.94340440223       1.21847355365    
  -7653.85280614      -5082.52955025      -1462.64260115    
HW             251
    -7.876223515         6.182359107         7.322454231    
  -26.4624663782      -10.5321963942       9.19762845261    
   1038.79281651       841.534546233       564.563925588    
HW             252
    -7.487215779         6.351567969         5.745291267    
   12.4052052237       22.0241189276       22.2772166016    
   4502.80676412       2901.42350905      -5080.63666216    
OW             253
    -7.064964879        -1.124148165        -6.516292840    
  -2.91997821902     -0.299104873974       3.04893612233    
   1571.72882415      -5310.74942952      -6145.10353328    
HW             254
    -6.644472253        -1.069474113        -5.610720701    
   10.4132564845       10.8413557288      -3.81481411882    
   3056.81473269      -291.373778353       7420.57603971    
HW             255
    -7.518956038       -0.2582591243        -6.726341614    
  -1.62617670365      -1.10345671798      -3.06323425872    
  -1969.31230478       2211.49140203       1356.63246607    
OW             256
    -3.497794802        -4.041303264         5.750826013    
   1.19671610619      -4.59211469782      -2.36491467928    
   6702.28691944      -12170.6804766       8969.80408259    
HW             257
    -4.297068472        -3.643280121         6.200940865    
   12.3025712298       11.6281538275       3.01276907430    
  -2906.36343074       2440.59031379      -1541.12226802    
HW             258
    -3.390472871        -3.637124801         4.842468119    
   13.6334384613       6.13157430808       3.87603642439    
  -808.569990124       5032.88491227      -6082.71701847    
OW             259
     3.477536472        -5.612515652        -4.662405577    
  -5.13963180777       7.89391110270     -0.245700867837E-01
  -7682.41993452       5050.26177763      -3315.46269212    
HW             260
     4.206853844        -5.566489861        -5.344931766    
 -0.563361069632       1.02883943909       4.40248844918    
   5947.75643981      -2999.22747501      -3703.61127031    
HW             261
     3.831047812        -6.026445516        -3.823546774    
  -12.0322599456       11.8960081616       4.85492772765    
   2896.09088368      -210.337976381       4642.95007716    
OW             262
    -5.704443037        -1.736157407         1.750009845    
   3.09844715354      0.891941860882      -9.38510959256    
   14281.8995114       1708.55280671      -991.432906767    
HW             263
    -6.211934349        -2.417830207         2.276924413    
   13.6994742084      -8.10648660660      -10.8161856242    
  -5955.14081022      -3361.30532097       773.123733884    
HW             264
    -6.302065532       -0.9615451835         1.543090665    
  -6.85178927625      -4.67230110712      -1.47692775476    
  -7718.72000278       3824.38695581       33.6760725509    
OW             265
    0.4939324263        -1.319094255        -8.256536375    
  -8.71822762528      -6.42278825124       7.41320321304    
  -5356.70814697       9024.36708582       4431.80453826    
HW             266
     1.057982677        -1.442945539         8.127147280    
  -14.8639096512       4.22997302945       1.55048627397    
   2381.82087211      -1904.10052019      -2519.08460343    
HW             267
    0.7560436905        -1.991686396        -7.564503293    
   24.1171916845       10.8465107133       11.7607721233    
   2361.45364998      -2610.11350586      -193.498031801    
OW             268
    -5.133458670         1.686062455         3.591144903    
 -0.908473335666       1.90135776567     -0.141672778448    
   722.179827265       15925.7326636       1914.97891114    
HW             269
    -5.035260314         1.412820894         2.634295733    
  -44.5865544981       27.9798652848      -12.0712936998    
   706.417952926      -3450.07449437      -3440.70109009    
HW             270
    -5.407356621        0.8947860985         4.137820246    
  -6.78908169272      -5.90936171510      -14.3935030792    
  -2742.62213812      -7164.24043114       3230.53283240    
OW             271
    -1.391738301         8.040231985         2.925613099    
  -7.19967405169      -3.08991954142      -2.05492291763    
   1103.80768717      -10269.0527834       2245.06528935    
HW             272
    -1.229527782         8.015814157         1.939227922    
   15.4925709698      0.466948448336E-01   1.59915829703    
   2657.55632734       3303.26627228      -3140.52382174    
HW             273
    -1.428455237        -8.209358669         3.234427335    
   12.9115197149      -4.47801639645       4.60824668381    
  -87.8000107292       9278.33461404       1226.65951670    
OW             274
     6.770656216         3.622259333        -5.029381187    
  -1.88684619625     -0.485446493607      -2.36255286056    
  -4272.87793096       5507.48709258      -616.630702217    
HW             275
     7.694078878         3.703995107        -5.404179868    
   1.59295826453       1.68368691046       6.68397334899    
   2818.65013385      -1735.58070919       19.0796597990    
HW             276
     6.790655535         3.040163285        -4.216511881    
  -8.73566815392      -1.70114377431      -3.06461012915    
   918.125085877      -4878.27260444       5624.95582863    
OW             277
    0.2740622042         4.449011118        -3.623901808    
  -1.20232564770       6.41868588232       3.38226405188    
  -4739.96978076      -3929.47731628       11928.5315263    
HW             278
    0.8144685121         5.272132402        -3.449842697    
   9.82225082635      -2.00844338251       9.00563414594    
   3162.72619265       3474.72807095      -4849.10550331    
HW             279
    0.2363800751         4.276388972        -4.608164955    
   11.5428390065       3.50794121238       3.40481295093    
   2835.02720630       1323.03218111      -6490.50727709    
OW             280
     2.688387544         6.761883797        -4.039198854    
   4.76467381126      -2.01939364269      -1.78698966209    
  -2944.20528932      -8171.64512485      -1652.08552709    
HW             281
     2.161044759         7.484539902        -4.485900030    
   34.4259196485       20.3799589835     -0.566072990890    
   627.107347425       1803.09368952       239.470905373    
HW             282
     3.058905621         7.104133445        -3.175732686    
   1.24134206712      -25.2412930516       8.92929007614    
   4262.83276890       2332.01502373       5291.75905558    
OW             283
    -2.985851360        0.7925917362         1.133465232    
   2.10016661324      -3.50478236228      -1.66326382940    
  -3272.04847549       9264.87382142      -4928.67000039    
HW             284
    -2.534158362        0.4366885054         1.951493671    
  -17.3745798982      -12.4500227769       5.19831507189    
   6608.29925281      -3772.79260800       7176.75927376    
HW             285
    -3.182566357        0.3903452398E-01    0.5062116724    
  -5.92100838033      0.805238107187E-02  -3.36789591276    
  -705.378220019      -5725.48226134      -2151.15980323    
OW             286
     4.084481699        -6.419627350        -1.767394137    
  -3.83343390234     -0.579117534529E-01  -3.58673799345    
  -7935.17727200       4715.16834542      -4849.85442699    
HW             287
     4.758813854        -6.320608272        -1.035727841    
  -16.8199151471      -10.7697042191       9.83177499535    
   5090.62169317       469.528698851       3518.44552396    
HW             288
     4.105740003        -7.356511528        -2.116376100    
  -6.12301686748       1.78145335980      -8.66420590872    
   2228.46127955      -3662.05518985       2457.54337463    
OW             289
    -3.361401074        -2.289709461         3.313155155    
  -2.22206663581      -1.62687176376       2.53295743472    
   5064.11736867      -9349.43728606       6284.59451935    
HW             290
    -4.238773357        -2.058343771         2.892974247    
   1.46900505197      -12.0073066725      -10.8901190781    
  -4838.14369264       2590.67587830      -5306.89311895    
HW             291
    -2.701351923        -1.561035018         3.130505316    
  -7.20113297389       4.77682142334       10.0871882816    
   3050.86037288       6786.32552755      -1580.32981892    
OW             292
     6.732266583         5.036124200         5.602971460    
   10.5414823522      -3.55553444093      -5.85615074300    
  -13794.5750183       2414.02678110      -5.67442751360    
HW             293
     6.858001072         4.046609718         5.673086580    
   24.4407993483      0.403557784262E-01   19.9665528279    
   4755.32449911      -6598.26708275      -1348.38378659    
HW             294
     7.619672512         5.491342153         5.675632481    
   1.17342301101       12.3262787369       9.05672687375    
   8286.48919417       3292.19482731       3704.75659977    
OW             295
    -7.486123342        -5.580527286        -2.938682836    
   5.76568114798      -9.25574482488      0.825707048447    
  -9653.08603792      -5228.73391559      -5449.22266374    
HW             296
    -7.404676723        -4.840240969        -2.271444635    
   4.76163495426      -4.63911876611      -4.17378028089    
  -525.231961460       7369.75722963       6634.96639290    
HW             297
    -6.605968336        -5.719002805        -3.392713657    
  -2.04944238589       9.37033766640      -20.0049857212    
   10276.7932597      -1542.13607507      -87.8446204364    
OW             298
     2.403249670       -0.8375772000         5.454398647    
 -0.111129801002       1.07541072165       4.97916257831    
   594.115749821      -11681.2300798       4832.68664412    
HW             299
     2.626337782        0.1314888224         5.559312606    
  -5.96118721462       5.12641780873      -19.9995447363    
   1307.60133933       9992.79815396      -547.088509187    
HW             300
     2.751462118        -1.167158518         4.576835808    
   25.1283734828      -26.0629109029       25.1862545863    
  -129.616192698       3498.66842557      -5316.64083214    
OW             301
     4.211342375         7.439931399         7.296243435    
   2.69197557735      -2.33336935130      0.282765438001    
  -923.823049803       8690.63636198       5480.72895039    
HW             302
     3.390892082         7.036368648         7.701042922    
   3.02636785506      -6.39809768769      -3.09179592526    
  -1191.67113992      -3291.59299745      -1235.68823300    
HW             303
     4.341829536         7.076466700         6.373823355    
  0.101348459906       9.40752336905      -4.71001790695    
  -949.147351788      -1612.89869570      -5113.01000262    
OW             304
    -8.463799305         3.172437646         3.567353407    
   3.19883952075       3.86433532431       7.09893420009    
  -4996.82118849      -1744.61681320      -7109.88368441    
HW             305
    -7.589500272         3.617071745         3.373018848    
  -2.89324533546       16.2553420625       8.04143364780    
   4783.59811047       2657.87380169       967.528072426    
HW             306
    -8.402450010         2.680781458         4.435974583    
   11.8334595205      -2.17375745494       3.07140917099    
  -578.211774341      -172.344795216       2239.72439158    
OW             307
     7.888955218         1.340626748        -7.751422747    
  -2.90714554421       2.27008324401       3.51581050375    
  -5823.10911751       466.951424789      -343.078584940    
HW             308
     8.404994046         1.773591686        -7.012430534    
  -5.11587987282       4.08534327010       3.99463656416    
   5299.62695375       2358.25645703       5440.62244330    
HW             309
     8.324069140         1.546987917         8.572173675    
   15.3233207260      -22.5913314621       6.71285254968    
   690.545904179      -114.063301710      -955.818981933    
OW             310
    0.8426227092E-01     5.316986165         6.222476759    
  -3.21026627737      -4.78463934363       1.93367548523    
  -1724.98425134      -12147.4693547       4054.82284946    
HW             311
    0.4457435888         5.504874828         5.309299171    
  -27.8739116730       11.2298923023      -4.53439619878    
   429.228016915       5239.83393422      -9057.75813374    
HW             312
    0.1321093148         6.147267744         6.777756373    
  -31.5832845845      -2.23269307635      0.562710471489    
   1082.53147472       2952.45404042       1444.28920840    
OW             313
     4.716986331        -4.232547477         4.156046278    
  -2.03324905087      -1.30478456046      -3.31231202566    
  -104.795189747       11421.4020122       10012.6726845    
HW             314
     4.071309224        -4.172496902         3.394889788    
  -9.72012004778      -17.9653547263       1.89392331632    
  -1935.73008457      -1808.89096541      -8302.17580577    
HW             315
     5.190464547        -5.112745900         4.123467070    
   1.96215643966      0.436916888839       7.69761171341    
   1070.58859251      -6885.79172981      -1122.62316032    
OW             316
    -2.457255787       -0.2294772034         5.974959949    
  -1.46454980541     -0.492555560036      -1.63871324106    
   1425.44061477      -988.051625078      -8855.62985629    
HW             317
    -3.250368672       -0.8363971041         5.925116331    
  -11.0168020214       13.9647716350      -25.6824184745    
  -2203.45659314      -398.777150540       1695.23038202    
HW             318
    -2.363433539        0.1213439484         6.906686409    
   5.46059042913      -40.7611911149       12.8262155427    
  -1015.94029177       2494.24429367       3324.41438559    
OW             319
     5.947816798         6.302182604        0.7124329207    
   2.03452638884      -2.83932437078      -5.82049986862    
  -7466.72917979       3521.87512583      -8150.51526707    
HW             320
     5.574154844         6.789157016         1.501797771    
  -11.5046311238      -8.07972705101      -8.99663069220    
   2158.73933070      -1029.49630103       2508.66548361    
HW             321
     6.177540921         5.365375989        0.9762746975    
   14.2812866575      0.818206135152      -3.49705237486    
   6095.50258105      -7103.95838997       6228.26495686    
OW             322
    -6.064420474         7.787067533         1.023818243    
  -1.62987911435      -2.86196922676      -3.16203708022    
   5745.60144080      -7118.62793066      -1890.78403888    
HW             323
    -6.390447459         8.188578948         1.879598115    
  -22.6795440761      -26.6165530088     -0.362592437656E-01
  -4623.71135599       5199.35152798       3724.80251173    
HW             324
    -6.090735746         8.476749225        0.3001892214    
   17.5361719536       17.6254882905       15.6673134847    
   281.712712607       4455.04375357      -1051.89460466    
OW             325
    0.3160250203         7.616848516        0.5208210044    
  -5.16405515427     -0.908889107114       4.11735947233    
  -2121.01679299       7082.93639582       4983.42479230    
HW             326
     1.265936137         7.312417814        0.4511430493    
   1.41996443443       22.6574799078      -9.08757555984    
   2878.16505913      -3821.63851281       740.746342867    
HW             327
   -0.2616533106         7.043740717       -0.6040828486E-01
   4.21129635523      -1.24574316243      -4.86856711760    
   1127.77512396      -3352.67951091      -2126.92901868    
OW             328
     5.181507002        -2.073345478         5.699219013    
   2.60455980630       1.09859388487      -3.36651033220    
   7324.83914669       7032.49211047       3972.89040890    
HW             329
     5.192017512        -2.867209144         5.091325758    
  -14.8440525062      -8.02935078087       8.25222329524    
  -2784.99791405      -7956.60224042      -5212.07197183    
HW             330
     4.247606165        -1.724207539         5.776187942    
   6.44240861746       8.36305380890       10.2477060531    
  -3319.75838384      -75.9150499281       273.991534197    
OW             331
    0.2210735141         2.579434542         5.685713858    
   1.16733783762      0.672117228269       5.03176253024    
   12774.9235373      -7970.57215611      -96.1692069686    
HW             332
    0.3021895568         3.489061927         6.092975948    
   17.9650511285       8.00289061172      -14.6873236406    
  -3566.40667305       9165.57312089       299.705053248    
HW             333
   -0.6225063902         2.527005072         5.151282958    
  -7.82366655022     -0.517370668183       19.3404315335    
  -8487.62205691       1897.82331267      -2410.36535609    
OW             334
    -8.318384268         3.216185920        -1.845269375    
  -2.32298042771       4.25720174209      -4.30726956199    
   8725.96121098       11464.5501398      -423.164427734    
HW             335
     7.894287287         3.068024211        -1.900900748    
   1.35847150952      -12.4116763573      -25.2507171317    
  -5942.96122393      -6228.92536485      -3966.82451241    
HW             336
    -7.839625878         2.388522792        -2.138111380    
   17.8385895510       9.54099623762       13.7206049219    
   1039.30982363      -8604.13378734      -1205.66949195    
OW             337
    -5.916368789        -1.497451522        -4.116337786    
  -4.52386403246       8.49133749189       4.92142895261    
  -13051.4361195       3573.53282952      -3666.87490794    
HW             338
    -5.222799301       -0.7890315003        -3.986081737    
   4.62923837840       4.29153447280      -20.9743971968    
   10474.8691851       6135.54196084      -169.086474947    
HW             339
    -5.503414132        -2.397950751        -3.980095794    
  -4.27535889944       5.87377792851      -13.1327090645    
   3956.07185660      -1318.93959561       519.964158064    
OW             340
    -1.938749466        -4.063888666       -0.4719115165E-01
  -3.30562796425       5.81965950048     -0.521281266630    
   3379.48845104      -2707.76507733       10916.2716136    
HW             341
    -2.865920557        -3.720695500       -0.1969790629    
  -11.1863736610      -15.3988258142     -0.355978003025    
  -3425.22282161       862.518756106      -3712.84460374    
HW             342
    -1.493024306        -4.217193386       -0.9291316459    
  -4.79630740521       2.86913976275     -0.761779046252    
   2036.69317773      -956.703313641      -8638.15319820    
OW             343
     2.849810097         1.770992529         5.774112232    
   2.99856845083       4.00383047479      -1.15458667012    
   7114.01264131      -13304.6539300      -10516.2301192    
HW             344
     3.486160331         2.398025133         6.223281125    
  -3.91722340631       1.13324471425       12.6505025440    
   2235.46799776       8196.67728153       6301.56367737    
HW             345
     1.917454326         1.967528177         6.077557030    
   3.49227763837      -28.9267410924       21.6908991849    
  -8106.85783689       4409.31717989       1506.08524888    
OW             346
    -1.768728949        -1.351556062        -4.300531809    
  -2.05031508534      -4.91226010005      0.337236215376    
  -11714.2678592       1724.47436176      -6954.09322709    
HW             347
    -1.420626810       -0.8714892298        -3.495407633    
   19.6911200859      -6.24204912132      -8.26994846717    
   5088.07677453       2708.19241891       6118.29452638    
HW             348
    -1.021958301        -1.850165962        -4.740661400    
  -14.7825641458      -7.54617228829      -18.2817690656    
   6259.95554307      -4851.13691195       1122.49557310    
OW             349
     1.298908151        -6.760503059         4.016559182    
   3.01385234117     -0.806087039601       1.12041980454    
   4631.62950224      -518.206783008      -15262.4427509    
HW             350
     1.555933399        -6.706851512         4.981403073    
   2.49409505796      -22.3169993862       2.45502376714    
  -1044.86505574       1182.52558228       9267.60817187    
HW             351
    0.3032551993        -6.811539426         3.938695329    
   2.90226173973       4.13462232422     -0.691079855056    
  -8517.23752676       804.469100072       3375.04837715    
OW             352
     8.061558660        -6.086008622        -6.720694750    
   2.77799960574       3.13986019459       2.76203048245    
  -8848.76151701       5842.04081009       580.710708054    
HW             353
    -8.160060931        -5.888366296        -6.780473403    
  -1.93120790898       22.6971775730      -9.65114116796    
   2968.87875289      -1666.60564698      -374.392620033    
HW             354
     7.925930067        -7.070941400        -6.613435267    
   23.4942636587     -0.426777311232      -3.79385094193    
   1873.25380524      -3379.96976705       35.6632011533    
OW             355
    0.4862461248         4.230078324        -6.681456523    
   7.06900355600       2.15540828245       2.48378302241    
   4077.70802634       5101.61633985       6154.17651300    
HW             356
    0.1858810696         3.276331085        -6.678104252    
  -14.9015194598       9.04890967242      -4.83049559123    
  -2575.73025264      -5340.60502670      -2581.31658570    
HW             357
   -0.1237305944         4.770100083        -7.261367889    
   19.5743649701       20.6332549370       6.53691951983    
  -2710.98582969      -1265.71629865      -3538.92862659    
OW             358
    -1.325066890        0.1741897434        -1.917056213    
  0.466927647678      -4.70543165004      -5.89466556296    
   1807.09884477      -1378.33681417      -7551.64275485    
HW             359
   -0.6590688178        0.2880377156        -1.179933830    
   3.65267135246       8.43787782025      -10.8029933838    
  -823.895210868      -1666.21238287       2368.34579846    
HW             360
    -2.222866710       -0.3043308068E-01    -1.527085349    
   1.88495238367       3.51002279876       1.68069997236    
  -3019.92730173      -1384.07022994       3299.53548884    
OW             361
    -2.620759248         3.233227365       -0.4253424637    
   5.67692502645      -1.54717747113     -0.478021220410    
   8742.16495154       3450.58916416      -12497.1066762    
HW             362
    -3.126007873         3.929312981        0.8461130215E-01
  -4.81348860582      -8.74914468914      -1.04097669742    
  -5367.10733802       2977.62276875       3036.20860742    
HW             363
    -2.649888672         2.367074056        0.7357858564E-01
 -0.106410461354      -7.24630022991      -10.7096586014    
  -3026.53280228      -5696.15309802       6672.43657250    
OW             364
     7.344734982        -4.640729966        -4.086672187    
 -0.922786550086       1.75733456920       7.44612598594    
  -7653.90226240       9673.80294652       3539.97296333    
HW             365
     7.114175866        -4.921022040        -5.018414130    
  -2.59968826838      0.637906521585       8.19782745400    
   2330.10250964      -3172.14654578      -4006.14324907    
HW             366
     8.205125243        -5.070118853        -3.812179796    
   4.68599371073       10.0042534932       2.76619817204    
   6119.08213005      -4674.31516792       2562.76336829    
OW             367
    -4.337409290         8.296237109         5.358168624    
  -2.01820175782      -2.52342314515       1.92794228463    
  -7565.04123047       6429.18385190      -3241.71636146    
HW             368
    -4.319113884         7.814759122         6.234358345    
   10.9962937999      -2.19007311059       1.83937153260    
   3255.43377872      -2606.94028327       4857.38488618    
HW             369
    -3.842758349         7.761503909         4.673060500    
   7.25318642862       8.07842042399      0.347086932084    
   5695.72238427      -661.947088620       238.648693055    
OW             370
     2.528013329        -1.816049006        -4.312459442    
   1.43236992592       1.09944655138     -0.534419184692    
  -12040.8350516       3293.17572503      -1983.82202763    
HW             371
     3.276477721        -1.944026302        -3.661854289    
   1.06807129610       3.01077599734      0.260642649392    
   5295.18190183       470.442893817       2101.23862132    
HW             372
     2.875962683        -1.913358891        -5.244904789    
   6.32141936914       20.4594824367     -0.730442760675    
   6602.63511934      -2504.91312584      -5591.07237401    
OW             373
     4.147040601        -7.172826269         8.282380413    
  -3.09716838741       1.94530662357      0.762402250754    
  -987.580908489       9216.25104827       8362.52994674    
HW             374
     4.388013903        -6.620008519         7.484766092    
  -2.50491855822       4.61373067053       2.79078681209    
   1245.09440753      -1534.36812238      -3875.24980615    
HW             375
     3.905245187        -8.097147661         7.987156375    
  -5.52270113136       3.70838028408      -2.77106342807    
   3309.00381998      -7916.42051847      -4648.52957332    
OW             376
     3.382904350       -0.1068080480        -1.727501605    
   1.79432190931      -5.59731481503      -6.61454709792    
  -755.892778983      -10363.4584454       6944.65472466    
HW             377
     2.786128176        0.6385923894        -2.024319035    
 -0.394744979712      -6.71782329430      -5.02718933298    
  -2337.30776639       5469.45996069      -2703.23576796    
HW             378
     4.267816149       -0.2896624552E-01    -2.186700965    
   5.91324897830       5.28959506772       3.16844531619    
   3815.96740469       1894.56870941      -6177.38956752    
OW             379
   -0.8814684772        -4.836347827        -7.499561587    
  0.366753666645       1.49287534102      -4.12117598002    
  -4395.64603358      -4705.55378326      -5612.51879325    
HW             380
    -1.152818953        -3.874148257        -7.479434299    
  -14.3239596027      -2.87440857986       6.60389914710    
   929.137072445       1463.60389701       2141.07123348    
HW             381
   -0.3449766753        -5.049019415        -6.682897866    
   12.9334220090       3.32244550682      -11.9001635731    
   3675.88810599      -233.593589129       5102.31120952    
OW             382
     3.606016797         4.643962451         2.848273946    
   1.03112767426     -0.888727163846     -0.863707934994    
  -2174.87757436       20950.6526186       519.462291730    
HW             383
     3.988055230         3.925203392         3.429046063    
  -2.55912338588       8.04991900770       12.5603986580    
   1929.24382489      -9376.83063559       302.324978542    
HW             384
     3.069095852         4.229305269         2.113585162    
   15.9007257443      -12.6147058778      -5.11249656770    
  -2601.65770844      -8864.15713883      -2864.02962912    
OW             385
   -0.8630868605        -8.588371347         7.308531384    
  -6.04638973581      0.266591519407       1.99737449246    
  -6514.32421853      -8237.74286088       7143.07839350    
HW             386
    -1.012922247        -7.721874815         6.832508993    
  -6.22326175668       1.57990788403       4.44365807888    
  -184.058753938       5219.28641627      -3259.60679109    
HW             387
    0.6593486414E-01     8.590003621         7.677913684    
   4.26796280268      -13.4630662399      -24.7477128489    
   2625.66480351       2699.36751924      -2342.53356151    
OW             388
     5.580965798        -6.979365555         4.317257496    
   2.75674282253       8.25522541948       10.1067998457    
   6700.24683426       12352.9815050       2414.02913471    
HW             389
     5.177805235        -7.201728768         3.429631244    
   10.4485207868       17.3806521667       4.32713669157    
  -6233.78054404      -5842.99009704      -5366.23235623    
HW             390
     5.821437627        -7.823944369         4.795642504    
   5.03516889944       3.49154770891      0.551319455634    
  -1846.08509265      -3819.49797537      -577.290067327    
OW             391
    -1.337015614        -4.102261228         2.635682232    
   6.35894360075       4.67444837843     -0.645825947320    
   3387.26187612      -11207.3192227       7913.64682804    
HW             392
    -1.940160394        -3.353736789         2.910985227    
  0.962782789788       8.21240408812      -22.0873382190    
  -4908.06352453       3893.06971906      -1038.24506389    
HW             393
    -1.206808618        -4.078691966         1.644479469    
   16.2563081399      -15.2204365858      0.181248364297    
  -3364.45514962       2373.62468884      -8231.31585558    
OW             394
     4.428502160         7.052110701        -1.721586475    
   1.20745517660      -4.97913128841       4.81405670063    
  -12067.0742608       5290.43071001      -3562.29477706    
HW             395
     4.625733186         6.748808008       -0.7894000130    
   2.13144726266      -9.54214056606       3.13390688822    
   6247.19925373      -1052.73315181       2811.74581539    
HW             396
     5.117742864         6.683570643        -2.345379523    
   4.37051945762       3.50797024320       3.29476398399    
   9659.15000481      -4466.82432006      -2479.49636333    
OW             397
    -4.613514335         5.666317162        -2.466272215    
   1.60415800455      0.648902315205E-01  -1.55552344246    
  -7968.51903011      -3081.30628093      -3606.78154138    
HW             398
    -4.234708794         5.641938582        -1.541190464    
   1.22276399854       11.3408755184      -1.10219412968    
   2139.66234765      -292.900952517       4138.66863231    
HW             399
    -4.109369345         6.332404351        -3.015961197    
  -29.7038579423       28.6563322167       4.37621970447    
   667.123344669       1125.83310873       418.171095805    
OW             400
    -5.951343339        -3.821210567        -7.055554351    
 -0.123715911575     -0.827749531814       4.25996810977    
   3282.45265108      -12434.5318639      -3051.80192033    
HW             401
    -5.335134522        -3.035373960        -7.004449342    
   5.56613455933      -6.02115271811       15.5119044822    
  -19.3886333783       5555.32393866       1596.34919333    
HW             402
    -6.891651538        -3.518753546        -6.899565468    
   4.05388315599       1.07190359097       25.7593671209    
  -1164.33520263       6272.28166384       1543.55507496    
OW             403
    0.7006965374         1.824766350         3.021517783    
  -1.04943389929       1.52270490192      0.711244149308E-01
  -4347.20005176      -6903.89828828      -1283.47739019    
HW             404
     1.228994065         2.424735812         2.420849350    
  0.508494111428      0.285079308187      0.205161680746    
   2583.41980308       3823.64957482      -3225.55284892    
HW             405
    0.9481536153         2.003862173         3.973716277    
  -6.21302643290       6.07067315652      0.557625292442    
   1161.17632435       2825.84629753       4855.33855342    
OW             406
    -5.719822203         4.044111286        -6.070116852    
   1.55825718969      0.422373614182      -2.63776585354    
  -2115.62021494      -16809.5808630      -3133.92450081    
HW             407
    -5.950462846         4.227534191        -5.114593366    
   24.2073736256      -3.51107718300       3.58425991251    
  -2264.54675156       7173.33375590       7244.45773937    
HW             408
    -5.142938475         4.781390774        -6.421708107    
  -18.0526017886       8.76418153151      -17.3222652634    
   4457.99800109       12263.6814868      -1036.34350046    
OW             409
     2.890681557       -0.7001390137         1.969116447    
   1.76671271994       2.24012876533      -2.37020172680    
   7083.20416144      -789.177205751       6149.65339155    
HW             410
     2.406010966        -1.139655710         1.212952647    
  0.194339104994       6.65658836205      -3.92942008758    
  -3707.76329695      -3807.51463613      -6042.48390672    
HW             411
     2.525762381        0.2202607714         2.109439364    
   21.0948092926       11.7430121546      -14.4370742952    
  -2698.66780802       1409.34111845      -1051.69038660    
OW             412
     6.749708552         2.222118222         5.766983799    
   2.39600753606     -0.754063527177      -1.23945157360    
   1877.38513641       11723.2259196      -6980.20544054    
HW             413
     6.937898115         1.240426599         5.739957027    
  -4.25428821073      -1.69839534806      -13.2450886033    
   1000.59147105      -10265.8074540       4468.47804274    
HW             414
     6.046903651         2.408487688         6.453514194    
   16.7950962760      -2.22477711019       13.9002222268    
  -4067.90790059      -1303.20958670       4618.92515140    
OW             415
    -1.864181928        -5.967968707         6.509152203    
 -0.766009426686      -4.13864655987     -0.897050191064    
   255.262385737      -10261.3759049      -5989.90804245    
HW             416
    -2.518317401        -5.234723669         6.323888346    
   10.0779762462       2.13258258665      -14.3648041522    
  -2311.10501467       11817.9165830      -2233.64116468    
HW             417
    -1.358670646        -5.760585384         7.346674019    
  -14.2196443813      -7.73098701953       8.11281153188    
   1202.11138777       4030.62548639       3710.90942226    
