Energy : -2.7909E+04

sample of starting configuration

      i       x(i)            y(i)            z(i)           fx(i)           fy(i)           fz(i)


      1  5.44400000E+00 -4.11780000E-01 -3.84400000E+00 -4.76900000E+03  8.50220000E+03  1.09700000E+04
      2  6.28990000E+00 -9.44300000E-01 -3.87120000E+00  6.06460000E+03 -6.08020000E+03 -2.25580000E+03
      3  5.06260000E+00 -3.43760000E-01 -4.76590000E+00  2.65070000E+02  5.12720000E+02 -8.22160000E+03
      4 -4.46810000E+00 -3.68270000E+00 -1.54850000E+00  2.85330000E+03  6.89420000E+02  1.49430000E+03
      5 -4.08720000E+00 -4.17960000E+00 -2.32820000E+00 -3.45970000E+02 -3.19320000E+03 -3.68930000E+03
      6 -5.43380000E+00 -3.91940000E+00 -1.44120000E+00 -3.63880000E+03 -1.27350000E+03 -4.90240000E+01
      7  7.96470000E+00 -1.79650000E+00 -3.74890000E+00 -4.21080000E+03  6.65130000E+03  8.28170000E+02
      8  8.15750000E+00 -2.77270000E+00 -3.64950000E+00  2.63580000E+02 -3.87590000E+03 -6.65370000E+02
      9 -8.37650000E+00 -1.28120000E+00 -3.70690000E+00  3.01390000E+03 -1.57190000E+03 -5.66560000E+02
     10  3.27160000E+00  2.66880000E+00 -6.06630000E+00  8.22910000E+03  7.72420000E+03  8.78730000E+02
     11  2.99170000E+00  1.78710000E+00 -5.68650000E+00 -4.98360000E+03 -5.48520000E+03 -2.05090000E+02
     12  2.59780000E+00  2.97080000E+00 -6.74070000E+00 -3.66320000E+03 -3.68850000E+02 -4.23260000E+02
     13 -6.26980000E+00  3.40300000E+00  1.26140000E-01  1.98730000E+03 -7.97630000E+03  5.60450000E+03
     14 -5.51830000E+00  4.06220000E+00  1.54900000E-01  2.03530000E+03  4.23190000E+03 -4.82320000E+02
     15 -6.89630000E+00  3.64320000E+00 -6.15240000E-01 -4.15010000E+03  1.77610000E+03 -3.30980000E+03
     16 -7.18470000E+00 -4.75990000E+00  6.84820000E+00 -5.56650000E+03  5.34740000E+03 -5.39860000E+03
     17 -7.21820000E+00 -4.34520000E+00  7.75760000E+00  1.23960000E+03 -6.11710000E+02  2.10000000E+03
     18 -6.46460000E+00 -5.45330000E+00  6.82390000E+00  5.87250000E+03 -5.23100000E+03  1.76480000E+02
     19  6.92920000E+00  3.85410000E+00  1.47090000E+00 -7.47080000E+03  4.29030000E+03 -6.13160000E+03
     20  7.61170000E+00  3.52040000E+00  2.12120000E+00  4.77920000E+03 -2.23130000E+03  6.16000000E+03
     21  6.66900000E+00  3.11390000E+00  8.50910000E-01  9.20860000E+02 -2.50270000E+03  6.46510000E+02
     22  4.07540000E-01 -6.40810000E+00 -5.32020000E+00 -9.86270000E+02  5.21490000E+03 -2.03870000E+03
     23 -5.60260000E-02 -7.06440000E+00 -4.72490000E+00 -9.75300000E+02 -2.04520000E+03  1.78920000E+03
     24  1.38500000E+00 -6.39870000E+00 -5.10940000E+00  3.96950000E+03 -3.23910000E+01  1.57460000E+03
     25  7.35190000E+00 -3.84620000E-01  6.20690000E+00  5.72860000E+03  8.90860000E+03  1.46840000E+03
     26  6.60750000E+00 -1.03980000E+00  6.07810000E+00 -6.09330000E+03 -7.47890000E+03 -1.80980000E+03
     27  8.17640000E+00 -7.22640000E-01  5.75310000E+00  6.23570000E+02 -3.07650000E+03 -9.52260000E+02
     28 -9.39560000E-02  9.98170000E-01 -7.04680000E+00 -1.10110000E+04  1.64640000E+04 -4.26160000E+03
     29  1.55850000E-01  7.55410000E-01 -6.10940000E+00  5.67530000E+03 -2.59050000E+03  5.10060000E+03
     30  1.50920000E-01  2.48960000E-01 -7.66220000E+00  4.20460000E+03 -9.40900000E+03 -1.76700000E+03
     31  5.40440000E+00 -5.57760000E+00 -6.99670000E+00 -8.48280000E+03  1.03720000E+04  1.17810000E+04
     32  6.38800000E+00 -5.63200000E+00 -7.16900000E+00  7.35560000E+03 -2.70550000E+03 -1.79640000E+03
     33  4.92150000E+00 -6.18930000E+00 -7.62330000E+00 -2.27030000E+03 -6.38600000E+03 -6.94350000E+03
     34  1.85450000E+00 -4.94270000E+00 -6.87280000E-01 -8.45560000E+03  7.05730000E+03 -4.43230000E+02
     35  2.67680000E+00 -5.17940000E+00 -1.20470000E+00  5.57400000E+03 -5.28690000E+03 -2.49470000E+03
     36  1.60010000E+00 -5.70810000E+00 -9.62120000E-02  1.53540000E+03 -6.40610000E+03  3.65330000E+03
     37  6.48910000E-01  6.52030000E+00 -8.36780000E+00  1.05560000E+03  3.03710000E+03 -3.53990000E+03
     38 -5.29580000E-02  7.19070000E+00 -8.12710000E+00 -2.21630000E+03  8.00090000E+02  1.77980000E+03
     39  1.06610000E+00  6.15960000E+00 -7.53360000E+00  1.61010000E+03 -1.63600000E+03  2.80190000E+03
     40 -7.39370000E+00  5.26840000E-01  1.21490000E+00  8.03650000E+02 -9.63340000E+03  3.59260000E+02
     41 -7.84370000E+00  1.14390000E+00  1.86050000E+00 -9.55140000E+02  3.85180000E+03  7.75840000E+02
     42 -6.81600000E+00  1.05680000E+00  5.94050000E-01  4.59850000E+02  6.28590000E+03 -2.03970000E+03
     43 -3.39090000E+00 -3.97360000E+00 -4.56320000E+00 -7.70300000E+03 -4.05400000E+03  3.10880000E+03
     44 -3.17350000E+00 -3.19160000E+00 -5.14740000E+00  2.84860000E+03  2.58640000E+03 -9.52430000E+02
     45 -2.54420000E+00 -4.42150000E+00 -4.27630000E+00  4.18740000E+03  1.69990000E+03 -8.04430000E+02
     46  5.42870000E-01  6.01100000E+00  3.64880000E+00 -4.87030000E+02 -1.00030000E+04  4.12130000E+03
     47  3.49240000E-02  6.81040000E+00  3.32790000E+00 -2.55620000E+03  6.55170000E+03 -2.00680000E+03
     48  1.45640000E+00  6.01060000E+00  3.24190000E+00  1.65810000E+03  4.93790000E+03 -2.88250000E+03
     49  3.10120000E+00 -4.53780000E+00  1.92970000E+00  6.01680000E+03  2.31990000E+03  2.20070000E+03
     50  2.28430000E+00 -4.12000000E+00  1.53200000E+00 -3.40010000E+03  1.03280000E+03 -1.66360000E+03
     51  2.83030000E+00 -5.24770000E+00  2.57980000E+00 -5.16580000E+03 -4.00330000E+03  1.07540000E+03
     52  4.66770000E+00  1.54540000E-01 -6.55200000E+00 -1.09110000E+03 -4.88390000E+03  5.46750000E+03
     53  4.74620000E+00 -4.29640000E-01 -7.35980000E+00  9.35090000E+02  1.77150000E+02 -2.37890000E+03
     54  4.79600000E+00  1.11010000E+00 -6.81730000E+00  3.85170000E+01  2.61430000E+03 -1.60800000E+03
     55  5.71260000E+00  3.29600000E+00 -7.85780000E+00 -3.49130000E+03  2.85650000E+03 -5.03830000E+03
     56  6.30280000E+00  2.51960000E+00 -7.63680000E+00  4.64710000E+03 -3.16040000E+03  2.57710000E+03
     57  5.18100000E+00  3.55160000E+00 -7.05030000E+00  1.38660000E+02 -5.90550000E+02  6.30410000E+03
     58  5.27320000E+00 -1.93000000E+00 -8.45060000E-01  9.23600000E+03 -7.29290000E+02  9.74140000E+03
     59  4.46860000E+00 -1.33650000E+00 -8.25980000E-01 -4.50470000E+03  2.50050000E+03 -2.15290000E+03
     60  5.30320000E+00 -2.42380000E+00 -1.71410000E+00 -2.45510000E+03 -3.01720000E+03 -7.51210000E+03
     61 -7.18840000E+00 -4.34750000E+00  1.57670000E+00 -2.95680000E+03  5.78060000E+03 -6.92630000E+03
     62 -6.32750000E+00 -4.84660000E+00  1.67600000E+00  5.42560000E+03 -4.70500000E+03  5.50740000E+03
     63 -7.84240000E+00 -4.67060000E+00  2.26080000E+00 -1.36650000E+03 -2.10090000E+03  2.97420000E+03
     64 -5.44020000E-01 -4.91210000E+00 -2.18000000E+00 -4.16760000E+03  1.47680000E+04 -6.82490000E+03
     65 -7.47200000E-01 -5.78600000E+00 -2.62170000E+00 -1.81370000E+01 -9.71720000E+03  1.75570000E+03
     66  8.54150000E-02 -5.06180000E+00 -1.41750000E+00  6.41440000E+03 -2.33940000E+03  1.67700000E+03
     67 -7.55980000E+00 -8.38970000E+00 -3.14890000E+00  1.50120000E+03 -8.12120000E+03 -1.61820000E+03
     68 -7.80120000E+00 -7.51110000E+00 -3.56090000E+00 -4.22870000E+02  4.33660000E+03  2.29290000E+03
     69 -7.79830000E+00 -8.37980000E+00 -2.17780000E+00 -1.10480000E+03  1.00620000E+03  2.70920000E+02
     70 -4.82330000E+00 -6.45710000E+00  6.35150000E+00 -1.08670000E+04  1.03400000E+04  9.21320000E+03
     71 -4.68690000E+00 -7.32620000E+00  5.87600000E+00  3.43910000E+03 -8.65470000E+03 -3.98460000E+03
     72 -3.94750000E+00 -5.98200000E+00  6.43630000E+00  2.63970000E+03 -1.78070000E+03 -2.87200000E+03
     73  4.12950000E+00 -7.46480000E+00  2.00810000E+00  7.02380000E+03 -7.69070000E+03  5.04010000E+03
     74  4.74990000E+00 -6.80020000E+00  1.59170000E+00  1.65700000E+03  5.33900000E+03 -5.31020000E+03
     75  3.23130000E+00 -7.40090000E+00  1.57330000E+00 -6.23450000E+03  2.94670000E+03 -2.28670000E+03
     76 -1.65280000E+00 -2.79680000E-02  3.32500000E+00 -4.25510000E+03 -6.78660000E+03 -1.33810000E+04
     77 -2.11570000E+00 -8.66490000E-02  4.20940000E+00  1.89900000E+03  2.47670000E+03  1.20350000E+04
     78 -7.58690000E-01  4.03680000E-01  3.44420000E+00  4.27470000E+03  4.13120000E+03  3.13860000E+03
     79 -4.58600000E+00  3.08210000E+00  6.43390000E+00  5.84560000E+03  4.62050000E+03  2.40410000E+03
     80 -5.27090000E+00  3.57430000E+00  5.89660000E+00 -3.27060000E+03 -3.19150000E+02 -1.95480000E+03
     81 -4.98790000E+00  2.24180000E+00  6.79780000E+00 -1.49830000E+03 -2.34670000E+03  2.26610000E+02
     82 -4.07620000E+00  5.40280000E+00  4.83410000E-01 -5.87370000E+02 -4.87200000E+03 -1.01900000E+04
     83 -4.58150000E+00  6.26060000E+00  5.77700000E-01 -4.19080000E+03  5.62910000E+03  3.99920000E+03
     84 -3.52450000E+00  5.24860000E+00  1.30300000E+00  1.74790000E+03  1.38610000E+03  9.01460000E+03
     85 -4.38230000E+00 -6.13830000E+00 -7.21710000E+00  1.71920000E+03 -7.02940000E+03  1.13040000E+03
     86 -4.11530000E+00 -6.22930000E+00 -8.17650000E+00 -1.58730000E+03  1.00250000E+03 -2.08900000E+03
     87 -4.91830000E+00 -5.30260000E+00 -7.09750000E+00 -4.58810000E+03  6.74060000E+03 -4.81530000E+02
     88 -2.40310000E+00  2.67740000E+00  4.63280000E+00  1.06830000E+04  2.85280000E+03 -3.94670000E+03
     89 -2.82760000E+00  3.14360000E+00  5.40890000E+00 -5.96140000E+03 -1.36660000E+03  3.52650000E+03
     90 -3.10690000E+00  2.20780000E+00  4.09980000E+00 -5.24390000E+03 -2.78060000E+03  5.23890000E+02
     91  1.53620000E+00  1.99450000E+00 -2.45920000E+00  6.30630000E+03 -5.19150000E+03 -9.38010000E+02
     92  1.76660000E+00  2.96300000E+00 -2.55370000E+00 -3.78200000E+02  4.18550000E+03 -3.46820000E+02
     93  8.05880000E-01  1.88940000E+00 -1.78420000E+00 -3.23090000E+03  6.72540000E+01  2.40210000E+03
     94 -2.59790000E+00  4.75810000E+00  2.85500000E+00 -1.07250000E+04  7.22950000E+03 -8.78870000E+03
     95 -2.30190000E+00  3.98220000E+00  3.41200000E+00  4.84160000E+03 -5.19030000E+03  4.97720000E+03
     96 -1.80140000E+00  5.30030000E+00  2.58760000E+00  5.27520000E+03  6.03850000E+02  3.23310000E+03
     97 -1.16110000E+00 -7.50380000E+00 -2.48530000E+00  1.66810000E+04 -6.16480000E+02 -1.26040000E+04
     98 -1.41350000E+00 -8.31600000E+00 -3.01110000E+00 -2.85040000E+03 -5.90900000E+03 -1.87750000E+03
     99 -1.79270000E+00 -7.39340000E+00 -1.71780000E+00 -9.03890000E+03  1.70370000E+03  5.81960000E+03
    100  2.70880000E+00  7.07330000E+00  2.08590000E+00 -9.12670000E+03  3.64970000E+03 -9.09050000E+03
    101  3.04950000E+00  6.15900000E+00  2.30500000E+00  6.09710000E+03 -5.15930000E+03  2.14430000E+03
    102  3.46260000E+00  7.72920000E+00  2.12750000E+00  3.60820000E+03  3.67670000E+03  3.40060000E+03
    103  5.69740000E+00 -5.33250000E-01  2.26670000E+00  1.00270000E+04 -1.35880000E+03  2.05930000E+03
    104  5.27970000E+00  3.46720000E-01  2.49290000E+00 -3.70540000E+03  1.30290000E+03  4.80480000E+02
    105  4.98820000E+00 -1.17320000E+00  1.97090000E+00 -5.70120000E+03  1.48540000E+03 -1.57500000E+03
    106  3.67660000E+00  4.10500000E+00 -3.38610000E+00 -5.83090000E+02 -2.87610000E+03  6.07680000E+03
    107  3.36870000E+00  4.97670000E+00 -3.76740000E+00 -1.26490000E+03  5.58800000E+03 -4.92210000E+03
    108  3.77590000E+00  3.43530000E+00 -4.12210000E+00  4.79160000E+01 -5.17280000E+02 -7.11070000E+03
    109 -2.16300000E+00 -7.41130000E+00 -6.42220000E+00  8.96070000E+03 -1.38780000E+04  8.02510000E+03
    110 -3.15070000E+00 -7.31080000E+00 -6.54190000E+00 -6.47050000E+03  6.37420000E+03 -3.24140000E+03
    111 -1.69860000E+00 -6.60530000E+00 -6.78910000E+00  1.07420000E+01  4.57460000E+03 -2.38260000E+03
    112 -3.10580000E+00 -6.72420000E+00 -9.60020000E-01  4.00930000E+03 -2.80660000E+03 -3.64090000E+03
    113 -2.83160000E+00 -6.16200000E+00 -1.79770000E-01 -1.26150000E+03  3.29550000E+03  3.82040000E+03
    114 -4.03570000E+00 -7.06310000E+00 -8.16870000E-01 -7.96560000E+03  1.12160000E+03  5.05160000E+03
    115  8.34080000E+00 -6.29530000E+00  4.14430000E+00  3.51270000E+03  1.65870000E+03 -2.43280000E+03
    116  7.34230000E+00 -6.24260000E+00  4.12900000E+00 -6.24940000E+03  3.79380000E+02  1.71890000E+03
    117 -8.50570000E+00 -5.76130000E+00  4.91350000E+00 -6.01060000E+02  1.60100000E+03  3.41260000E+03
    118  7.43000000E+00 -3.00880000E+00  2.85920000E+00  5.35240000E+03 -8.10090000E+03  1.04340000E+04
    119  7.79430000E+00 -2.60860000E+00  2.01820000E+00 -1.46650000E+03  4.10980000E+03 -7.69840000E+03
    120  6.54650000E+00 -2.59160000E+00  3.07190000E+00 -1.76750000E+03  3.64100000E+03 -2.19190000E+03
    121 -2.46690000E+00  3.13660000E+00 -3.16110000E+00 -4.10140000E+03 -5.73120000E+02 -1.49250000E+04
    122 -2.57830000E+00  3.15200000E+00 -2.16740000E+00  4.63760000E+02  6.58570000E+01  9.00000000E+03
    123 -1.54970000E+00  3.45580000E+00 -3.39920000E+00  4.56490000E+03  1.14390000E+03  2.82630000E+03
    124  1.57900000E+00  6.92390000E-01 -4.87130000E+00 -3.24150000E+03  4.03580000E+03 -1.28380000E+04
    125  1.91520000E+00 -2.23050000E-01 -4.65010000E+00  2.86700000E+03 -6.67830000E+03  5.42550000E+03
    126  1.74920000E+00  1.30590000E+00 -4.10020000E+00 -1.49300000E+03  1.18510000E+03  9.55750000E+03
    127  6.72890000E+00  2.12520000E+00 -2.68010000E+00 -1.20940000E+03  9.42840000E+02 -5.96210000E+03
    128  6.15840000E+00  2.13600000E+00 -1.85880000E+00 -6.47380000E+03 -5.57270000E+02  2.89030000E+03
    129  6.73420000E+00  1.20470000E+00 -3.07080000E+00 -3.73930000E+03 -5.81620000E+03 -5.65270000E+02
    130 -6.37800000E+00  7.53290000E+00 -5.39370000E+00  2.94060000E+03  3.35750000E+03 -8.24680000E+03
    131 -6.84820000E+00  6.71820000E+00 -5.73310000E+00 -1.90970000E+03 -1.95900000E+03  3.24410000E+03
    132 -6.72350000E+00  7.76300000E+00 -4.48400000E+00 -4.03400000E+03  1.61570000E+03  6.59570000E+03
    133 -4.40190000E+00  6.26270000E+00 -6.72160000E+00  6.49580000E+03 -9.81730000E+03  1.56970000E+03
    134 -3.74810000E+00  6.42850000E+00 -7.45990000E+00  1.89710000E+03  4.19200000E+03 -6.31470000E+03
    135 -4.94250000E+00  7.08880000E+00 -6.56260000E+00 -3.41320000E+03  5.52780000E+03  2.14650000E+03
    136  1.93280000E+00 -2.24030000E+00 -2.02300000E-01 -3.08460000E+03  1.04190000E+04  9.87460000E+03
    137  1.68070000E+00 -3.16430000E+00 -4.89970000E-01  4.17030000E+02 -7.63490000E+03 -3.87410000E+03
    138  2.33810000E+00 -1.74950000E+00 -9.73520000E-01  1.77690000E+03  1.56160000E+03 -4.93160000E+03
    139 -2.99370000E+00  7.21640000E+00  8.09610000E+00 -1.63320000E+04  2.32170000E+03  5.65430000E+03
    140 -2.58950000E+00  6.31800000E+00  7.92400000E+00  3.10920000E+03 -7.03200000E+03 -1.39040000E+03
    141 -2.29810000E+00  7.92430000E+00  7.97390000E+00  8.27900000E+03  3.17600000E+03 -4.29970000E+03
    142 -4.90300000E+00 -6.12520000E+00 -3.44010000E+00 -6.38720000E+03 -6.14420000E+02  3.11900000E+03
    143 -4.07470000E+00 -6.56640000E+00 -3.09470000E+00  3.42030000E+03 -1.01950000E+03  3.92010000E+02
    144 -4.66190000E+00 -5.49130000E+00 -4.17500000E+00  5.81540000E+03  2.83560000E+03 -4.87010000E+03
    145  7.94970000E+00 -1.91100000E+00  2.92310000E-01  3.35920000E+03 -3.12900000E+03  2.95660000E+03
    146  7.12110000E+00 -1.60560000E+00 -1.76910000E-01 -7.42880000E+03  2.06380000E+03 -1.18090000E+03
    147  8.54990000E+00 -1.12750000E+00  4.53690000E-01  6.30030000E+02  5.23740000E+03  8.71540000E+02
    148 -5.17980000E+00 -6.05060000E+00  2.62980000E+00  9.15430000E+02  5.93320000E+03 -5.01190000E+03
    149 -5.72630000E+00 -6.87560000E+00  2.77380000E+00 -3.14030000E+03 -4.64280000E+03  3.75380000E+03
    150 -4.49170000E+00 -5.97580000E+00  3.35160000E+00  7.73060000E+02 -1.39420000E+03  1.81890000E+03
    151 -7.27210000E+00 -8.06370000E+00  3.07660000E+00  1.50660000E+04 -8.46120000E+02 -1.47470000E+04
    152 -8.02150000E+00 -7.48270000E+00  3.39410000E+00 -7.58770000E+03  6.57800000E+03  6.60720000E+03
    153 -7.34270000E+00  8.23320000E+00  3.50610000E+00 -2.00880000E+03 -5.89660000E+03  6.28220000E+03
    154 -6.93480000E+00  4.83820000E+00 -3.64380000E+00 -4.42550000E+03 -1.10700000E+03 -1.38410000E+04
    155 -6.17190000E+00  5.11990000E+00 -3.06180000E+00  7.02890000E+03  2.98900000E+03  5.87050000E+03
    156 -7.55770000E+00  4.25750000E+00 -3.11970000E+00 -2.10410000E+03 -2.08840000E+03  6.95450000E+03
    157  4.57020000E+00  2.08410000E+00  3.75930000E+00  2.41060000E+03  2.26540000E+03 -1.41340000E+04
    158  5.50910000E+00  2.25240000E+00  4.05960000E+00  4.24390000E+03 -2.54040000E+01  4.11400000E+03
    159  4.02120000E+00  1.77670000E+00  4.53650000E+00 -4.32710000E+03 -1.41730000E+03  6.32490000E+03
    160 -3.91040000E+00 -1.31650000E+00 -6.10260000E-01  1.01370000E+04  2.08940000E+04  3.39990000E+03
    161 -4.49370000E+00 -1.36900000E+00  2.00300000E-01 -5.48480000E+03 -5.25750000E+03  3.08210000E+03
    162 -3.97550000E+00 -2.17170000E+00 -1.12440000E+00 -4.55540000E+03 -9.61810000E+03 -2.26180000E+03
    163 -5.84220000E+00 -6.90980000E+00 -3.45040000E-01  2.78390000E+03 -5.13910000E+03 -1.20510000E+03
    164 -6.25520000E+00 -6.53570000E+00 -1.17540000E+00 -2.56710000E+03  1.73980000E+03 -2.78330000E+03
    165 -6.46480000E+00 -6.77750000E+00  4.26250000E-01 -2.12660000E+03  3.17210000E+03  1.91010000E+03
    166  1.60940000E+00 -6.25120000E+00  6.67770000E+00 -3.08270000E+03 -1.25540000E+04 -4.75210000E+02
    167  2.21090000E+00 -6.49940000E+00  7.43710000E+00  1.73940000E+03  2.00070000E+03  2.78440000E+03
    168  1.44230000E+00 -5.26540000E+00  6.69280000E+00  2.39400000E+03  8.45270000E+03  2.78400000E+02
    169 -4.79620000E+00 -1.12580000E+00  7.77090000E+00 -3.26090000E+03 -1.53630000E+03 -9.18780000E+03
    170 -5.28640000E+00 -1.00630000E+00 -8.56290000E+00 -2.74150000E+02 -1.80390000E+02  4.94640000E+03
    171 -3.82250000E+00 -1.25910000E+00  7.95550000E+00  1.23510000E+03  2.41320000E+01  4.05010000E+03
    172 -4.13330000E+00  5.10830000E-01 -3.92780000E+00 -8.36230000E+03 -6.34710000E+03  5.24550000E+03
    173 -3.92140000E+00  1.37980000E+00 -4.37490000E+00  4.41240000E+03  3.48250000E+03 -3.78920000E+03
    174 -3.28350000E+00  2.57960000E-02 -3.72120000E+00  6.23880000E+03  4.23300000E+02 -1.06180000E+03
    175 -7.66450000E+00 -3.61070000E+00 -1.05380000E+00  1.18030000E+04 -8.16800000E+03 -1.96560000E+04
    176 -7.39440000E+00 -3.73270000E+00 -9.87850000E-02 -2.67640000E+03  7.88860000E+02  1.10360000E+04
    177 -8.44100000E+00 -2.98250000E+00 -1.10350000E+00 -4.09290000E+03  3.66910000E+03  7.18490000E+03
    178  5.48840000E+00 -5.21820000E+00  5.54240000E-01  3.50290000E+03 -1.14320000E+04 -2.43830000E+03
    179  4.53860000E+00 -4.90690000E+00  5.86950000E-01 -4.18690000E+03  6.50010000E+03  3.14910000E+03
    180  6.09890000E+00 -4.42630000E+00  5.38700000E-01  3.14470000E+02  4.15440000E+03  2.68180000E+02
    181  1.95070000E+00  3.34150000E+00  8.96250000E-01  3.98130000E+03 -1.99850000E+03  1.01850000E+04
    182  2.63640000E+00  3.15460000E+00  1.92740000E-01  1.75340000E+03 -8.05370000E+02 -4.44520000E+03
    183  1.35520000E+00  4.08530000E+00  5.92720000E-01 -4.74900000E+03  2.83800000E+03 -5.74300000E+03
    184  4.48330000E+00  6.84310000E+00  4.35820000E+00  1.13030000E+03  8.69260000E+03  6.11240000E+03
    185  4.05010000E+00  6.10670000E+00  3.83850000E+00  5.17100000E+01 -6.25140000E+03 -1.72250000E+03
    186  5.39870000E+00  6.55770000E+00  4.64200000E+00  3.98740000E+03 -4.97130000E+03  9.54580000E+01
    187 -1.38150000E+00 -6.53810000E+00  3.75800000E+00 -4.13430000E+01 -1.76060000E+04 -1.62560000E+03
    188 -1.59340000E+00 -6.29000000E+00  4.70320000E+00 -1.69210000E+03  4.21320000E+03  6.70230000E+03
    189 -1.27550000E+00 -5.70790000E+00  3.21070000E+00 -1.11130000E+03  1.24380000E+04 -2.78700000E+03
    190  4.61960000E+00  3.68690000E+00  6.94930000E+00 -1.31080000E+04 -7.83600000E+03 -1.26480000E+04
    191  5.15790000E+00  4.39950000E+00  6.49940000E+00  5.08810000E+03  5.89580000E+03  1.31730000E+01
    192  4.77060000E+00  3.72810000E+00  7.93700000E+00  6.43650000E+03  1.02200000E+03  8.54080000E+03
    193 -3.49530000E+00 -1.33590000E+00 -6.77050000E+00 -5.46700000E+03 -1.00090000E+04 -1.39160000E+03
    194 -3.33030000E+00 -5.98360000E-01 -7.42540000E+00  3.28540000E+03  5.52970000E+03 -4.34350000E+02
    195 -2.89520000E+00 -1.22000000E+00 -5.97910000E+00  3.50650000E+03  3.50730000E+03  4.48680000E+03
    196  2.16430000E+00 -3.60190000E+00  6.19770000E+00 -3.10170000E+03 -4.47360000E+03  4.79830000E+03
    197  1.82270000E+00 -2.72500000E+00  5.85970000E+00  6.89130000E+02  5.36840000E+03 -1.86490000E+03
    198  3.00730000E+00 -3.84010000E+00  5.71540000E+00  2.75930000E+03  3.61020000E+02 -2.34990000E+03
    199 -1.79560000E+00  7.61080000E+00 -4.37950000E+00  3.57820000E+03 -1.50710000E+03  8.40510000E+03
    200 -2.33850000E+00  6.79970000E+00 -4.59720000E+00 -1.55550000E+03 -4.39910000E+02 -3.18480000E+03
    201 -2.02680000E+00  8.34770000E+00 -5.01470000E+00 -2.18310000E+03  3.73970000E+03 -7.20790000E+03
    202 -3.43500000E+00  2.50400000E+00 -5.77830000E+00  4.73820000E+03 -9.96410000E+03 -6.75180000E+03
    203 -3.06290000E+00  2.87610000E+00 -4.92790000E+00  1.86430000E+03  4.44320000E+03  6.51100000E+03
    204 -4.20190000E+00  3.06910000E+00 -6.08250000E+00 -5.49390000E+03  5.14490000E+03  3.67080000E+02
    205  5.07220000E+00 -3.31390000E+00 -3.33150000E+00 -1.00570000E+04  6.66560000E+03  6.34980000E+03
    206  4.39180000E+00 -3.58120000E+00 -4.01390000E+00  8.57960000E+02 -3.16090000E+03 -1.35670000E+03
    207  5.95980000E+00 -3.70550000E+00 -3.57380000E+00  7.50630000E+03 -5.00560000E+03 -2.74700000E+03
    208 -2.59360000E+00  4.51670000E+00  8.02310000E+00  4.05250000E+03  4.67880000E+03  4.02610000E+03
    209 -3.29140000E+00  4.08820000E+00  7.44900000E+00 -3.89720000E+03 -4.90460000E+03 -2.45640000E+03
    210 -1.73450000E+00  4.01240000E+00  7.93670000E+00  5.56260000E+02 -2.11290000E+03 -2.16890000E+03
    211  7.83230000E-02 -3.31030000E+00 -5.03030000E+00 -6.24980000E+03  2.62070000E+03 -7.51610000E+03
    212  9.17090000E-01 -2.78850000E+00 -4.87460000E+00  6.03510000E+03  1.17830000E+03  4.63510000E+03
    213  1.19990000E-01 -4.16930000E+00 -4.52000000E+00  2.22820000E+03 -2.64630000E+03  3.75970000E+03
    214  3.53990000E+00 -3.29770000E+00 -6.44710000E+00 -3.22800000E+03  8.88120000E+03 -1.41110000E+02
    215  4.45390000E+00 -3.62700000E+00 -6.68420000E+00  2.68030000E+03 -4.36140000E+03 -2.10030000E+03
    216  3.07090000E+00 -3.98520000E+00 -5.89270000E+00 -8.53500000E+01 -5.57510000E+03  7.90030000E+02
    217 -5.65880000E+00  4.20050000E+00  3.67840000E+00 -1.05680000E+04  1.99980000E+04  3.72520000E+03
    218 -4.75520000E+00  4.62760000E+00  3.64320000E+00  5.79570000E+03 -2.63780000E+03 -2.54570000E+03
    219 -5.56130000E+00  3.20740000E+00  3.61450000E+00  6.10940000E+03 -1.19490000E+04 -1.59860000E+03
    220 -6.65570000E+00  9.87310000E-01 -2.57160000E+00 -1.12780000E+04  6.24640000E+03  9.94050000E+02
    221 -6.52260000E+00  7.60960000E-02 -2.96140000E+00  3.85650000E+03 -3.34070000E+03 -7.89930000E+02
    222 -5.77760000E+00  1.34690000E+00 -2.25600000E+00  5.05710000E+03 -1.59550000E+03 -5.58680000E+02
    223 -2.79600000E+00  9.09430000E-01 -8.33720000E+00 -4.53860000E+03 -7.82770000E+03 -8.74310000E+03
    224 -3.22450000E+00  1.28770000E+00 -7.51660000E+00  1.37520000E+03  6.42590000E+03  5.95120000E+03
    225 -1.80280000E+00  9.01520000E-01 -8.22170000E+00  5.57080000E+03  3.35830000E+03  5.11110000E+03
    226 -7.25100000E+00 -2.95500000E+00  4.50850000E+00  7.95250000E+03  7.65760000E+03 -1.64640000E+03
    227 -8.10700000E+00 -3.08580000E+00  4.00840000E+00 -6.68470000E+03 -1.73940000E+03 -2.48740000E+03
    228 -7.17530000E+00 -3.64630000E+00  5.22710000E+00 -2.13160000E+03 -5.13000000E+03  4.49390000E+03
    229 -6.12850000E+00 -5.06470000E-01  5.39730000E+00  9.76610000E+02  1.28470000E+04 -7.50640000E+03
    230 -6.39020000E+00 -1.37280000E+00  4.97180000E+00 -3.32690000E+03 -7.82380000E+03 -7.85190000E+02
    231 -5.78050000E+00 -6.78840000E-01  6.31880000E+00  2.67190000E+03 -4.10930000E+03  6.51390000E+03
    232 -6.52040000E+00  6.78230000E+00  4.20310000E+00 -6.72050000E+03  2.78820000E+03  4.39390000E+03
    233 -5.65110000E+00  7.25780000E+00  4.33830000E+00  2.84560000E+03  2.60560000E+03  1.12070000E+03
    234 -6.35690000E+00  5.91510000E+00  3.73270000E+00  2.11060000E+03 -6.87160000E+03 -2.93950000E+03
    235 -1.17880000E-02  4.69520000E+00 -7.40940000E-01  6.44660000E+03  6.15200000E+03  6.98690000E+03
    236  2.14160000E-01  4.70400000E+00 -1.71500000E+00 -2.76000000E+03 -2.73060000E+03 -5.44540000E+03
    237 -7.93610000E-01  4.09160000E+00 -5.85010000E-01 -5.85070000E+03 -3.84260000E+03 -1.28810000E+03
    238  4.82860000E+00  3.54090000E+00 -1.08770000E+00  5.38970000E+03 -8.37900000E+03  1.71850000E+04
    239  4.57750000E+00  3.79750000E+00 -2.02110000E+00 -5.22700000E+03  4.37170000E+03 -9.47210000E+03
    240  4.98750000E+00  4.36630000E+00 -5.45920000E-01  5.39100000E+02  2.95300000E+03 -1.57160000E+03
    241  1.38760000E+00 -7.23270000E+00  1.41290000E+00  7.46380000E+03  1.14150000E+04 -1.64570000E+04
    242  1.27430000E+00 -8.20440000E+00  1.20530000E+00 -5.90460000E+03 -6.24000000E+03  1.20780000E+03
    243  1.28850000E+00 -7.08790000E+00  2.39730000E+00 -6.15770000E+02 -1.12570000E+03  1.09930000E+04
    244 -7.63540000E+00  2.20370000E+00 -5.67110000E+00 -1.30040000E+04 -8.61420000E+03 -2.14950000E+03
    245 -6.89550000E+00  2.79500000E+00 -5.99190000E+00  8.04210000E+03  6.69120000E+03 -3.57750000E+02
    246 -7.45960000E+00  1.93290000E+00 -4.72460000E+00  2.92080000E+03  3.17340000E+02  2.75910000E+03
    247  6.54680000E+00  5.87010000E+00 -3.05410000E+00 -3.53720000E+03  4.87060000E+03  3.33390000E+03
    248  7.31730000E+00  5.59680000E+00 -2.47810000E+00  2.26150000E+03 -1.05540000E+03 -2.47500000E+02
    249  6.39580000E+00  5.17800000E+00 -3.76000000E+00  1.13040000E+03 -4.36460000E+03 -4.34210000E+03
    250 -8.24030000E+00  6.28980000E+00  6.39740000E+00 -2.95990000E+03 -1.88940000E+03  3.72690000E+03
    251 -7.86290000E+00  6.18750000E+00  7.31780000E+00  1.04730000E+03  8.40230000E+02  5.86220000E+02
    252 -7.49350000E+00  6.34060000E+00  5.73430000E+00  4.51670000E+03  2.90420000E+03 -5.07660000E+03
    253 -7.06350000E+00 -1.12400000E+00 -6.51780000E+00 -2.46340000E+03 -2.63340000E+03 -1.29290000E+04
    254 -6.64970000E+00 -1.07470000E+00 -5.60880000E+00  3.09770000E+03 -2.72340000E+02  7.46620000E+03
    255 -7.51820000E+00 -2.57880000E-01 -6.72510000E+00 -1.94530000E+03  2.21980000E+03  1.39670000E+03
    256 -3.49840000E+00 -4.03900000E+00  5.75200000E+00  2.13240000E+03 -2.10110000E+03  6.27100000E+03
    257 -4.30320000E+00 -3.64920000E+00  6.19950000E+00 -2.94230000E+03  2.42240000E+03 -1.50850000E+03
    258 -3.39720000E+00 -3.64020000E+00  4.84060000E+00 -8.86080000E+02  4.99270000E+03 -6.06070000E+03
    259  3.48010000E+00 -5.61650000E+00 -4.66240000E+00 -8.87370000E+03  3.07090000E+03 -2.16980000E+03
    260  4.20740000E+00 -5.56650000E+00 -5.34700000E+00  5.94140000E+03 -3.00060000E+03 -3.69770000E+03
    261  3.83690000E+00 -6.03230000E+00 -3.82600000E+00  2.88950000E+03 -2.21560000E+02  4.61890000E+03
    262 -5.70600000E+00 -1.73660000E+00  1.75470000E+00  1.33640000E+04  9.91680000E+02 -7.57230000E+02
    263 -6.21870000E+00 -2.41380000E+00  2.28240000E+00 -5.94240000E+03 -3.34340000E+03  7.20200000E+02
    264 -6.29860000E+00 -9.59240000E-01  1.54380000E+00 -7.66510000E+03  3.85440000E+03 -4.48000000E+01
    265  4.97950000E-01 -1.31620000E+00 -8.26030000E+00 -3.52130000E+03  1.86680000E+03  4.77240000E+02
    266  1.07370000E+00 -1.43800000E+00  8.12830000E+00  2.37270000E+03 -1.91350000E+03 -2.36170000E+03
    267  7.41160000E-01 -1.99910000E+00 -7.57140000E+00  2.34050000E+03 -2.58360000E+03 -6.99880000E+01
    268 -5.13300000E+00  1.68510000E+00  3.59120000E+00  3.40740000E+03  2.07160000E+03  5.55630000E+01
    269 -5.01290000E+00  1.39900000E+00  2.64060000E+00  6.91380000E+02 -3.43880000E+03 -3.56770000E+03
    270 -5.40410000E+00  8.97760000E-01  4.14500000E+00 -2.78460000E+03 -7.14910000E+03  3.19170000E+03
    271 -1.38810000E+00  8.04160000E+00  2.92660000E+00 -1.56290000E+03 -1.35590000E+04  1.30310000E+03
    272 -1.23720000E+00  8.01630000E+00  1.93840000E+00  2.63460000E+03  3.26990000E+03 -3.19110000E+03
    273 -1.43560000E+00 -8.20480000E+00  3.23280000E+00 -1.15620000E+02  9.24800000E+03  1.20430000E+03
    274  6.77160000E+00  3.62250000E+00 -5.02820000E+00 -4.04410000E+03  7.18170000E+03 -4.33540000E+03
    275  7.69330000E+00  3.70320000E+00 -5.40750000E+00  2.82200000E+03 -1.74700000E+03  4.60250000E+01
    276  6.79500000E+00  3.04100000E+00 -4.21500000E+00  8.94820000E+02 -4.88200000E+03  5.64290000E+03
    277  2.74670000E-01  4.44580000E+00 -3.62560000E+00 -4.49510000E+03 -2.04340000E+03  9.42590000E+03
    278  8.09690000E-01  5.27310000E+00 -3.45430000E+00  3.11440000E+03  3.28590000E+03 -4.76080000E+03
    279  2.30370000E-01  4.27470000E+00 -4.60980000E+00  2.80940000E+03  1.17190000E+03 -6.31540000E+03
    280  2.68600000E+00  6.76290000E+00 -4.03830000E+00 -5.05530000E+03 -5.97850000E+03 -4.18090000E+03
    281  2.14390000E+00  7.47430000E+00 -4.48560000E+00  6.02070000E+02  1.74380000E+03  2.63920000E+02
    282  3.05830000E+00  7.11670000E+00 -3.18030000E+00  4.22460000E+03  2.25860000E+03  5.29350000E+03
    283 -2.98690000E+00  7.94340000E-01  1.13430000E+00 -7.16900000E+03  1.17040000E+04 -6.64530000E+03
    284 -2.52550000E+00  4.42980000E-01  1.94890000E+00  6.22560000E+03 -3.78640000E+03  6.37230000E+03
    285 -3.17960000E+00  3.90320000E-02  5.07840000E-01 -1.09850000E+02 -5.53580000E+03 -2.70930000E+03
    286  4.08640000E+00 -6.41960000E+00 -1.76560000E+00 -6.50700000E+03  2.39110000E+03 -6.13570000E+03
    287  4.76720000E+00 -6.31520000E+00 -1.04060000E+00  5.11310000E+03  4.19640000E+02  3.46930000E+03
    288  4.10880000E+00 -7.35740000E+00 -2.11210000E+00  2.22920000E+03 -3.70760000E+03  2.42700000E+03
    289 -3.36030000E+00 -2.28890000E+00  3.31190000E+00  2.43910000E+03 -9.13180000E+03  7.79090000E+03
    290 -4.23940000E+00 -2.05220000E+00  2.89830000E+00 -4.92110000E+03  2.60350000E+03 -5.40070000E+03
    291 -2.69770000E+00 -1.56350000E+00  3.12540000E+00  2.75620000E+03  6.73710000E+03 -1.68220000E+03
    292  6.72700000E+00  5.03790000E+00  5.60590000E+00 -1.78680000E+04  3.66200000E+03 -4.10580000E+03
    293  6.84580000E+00  4.04660000E+00  5.66310000E+00  4.78900000E+03 -6.57240000E+03 -1.32870000E+03
    294  7.61900000E+00  5.48520000E+00  5.67110000E+00  8.31990000E+03  3.31980000E+03  3.73290000E+03
    295 -7.48900000E+00 -5.57590000E+00 -2.93910000E+00 -1.28050000E+04 -5.70920000E+03 -6.37100000E+03
    296 -7.40710000E+00 -4.83790000E+00 -2.26930000E+00 -4.94750000E+02  7.38610000E+03  6.62550000E+03
    297 -6.60500000E+00 -5.72370000E+00 -3.38270000E+00  1.03020000E+04 -1.53370000E+03 -9.04780000E+01
    298  2.40330000E+00 -8.38120000E-01  5.45190000E+00 -1.97120000E+03 -1.68820000E+04  2.26150000E+03
    299  2.62940000E+00  1.28880000E-01  5.56930000E+00  1.44380000E+03  1.00060000E+04 -2.58110000E+02
    300  2.73890000E+00 -1.15400000E+00  4.56440000E+00  9.63590000E+01  3.38790000E+03 -4.97810000E+03
    301  4.21000000E+00  7.44110000E+00  7.29610000E+00 -1.00900000E+03  4.05720000E+03  4.88100000E+03
    302  3.38930000E+00  7.03950000E+00  7.70260000E+00 -1.19310000E+03 -3.30020000E+03 -1.19660000E+03
    303  4.34180000E+00  7.07180000E+00  6.37620000E+00 -9.36350000E+02 -1.61000000E+03 -5.08940000E+03
    304 -8.46540000E+00  3.17050000E+00  3.56380000E+00 -3.76760000E+03 -2.95410000E+03 -5.28760000E+03
    305 -7.58800000E+00  3.60900000E+00  3.36910000E+00  4.80930000E+03  2.66630000E+03  9.43450000E+02
    306 -8.40840000E+00  2.68190000E+00  4.43440000E+00 -5.52380000E+02 -1.60190000E+02  2.24000000E+03
    307  7.89040000E+00  1.33950000E+00 -7.75310000E+00 -6.76890000E+03 -2.28180000E+03 -3.49060000E+03
    308  8.40580000E+00  1.77260000E+00 -7.01370000E+00  5.31520000E+03  2.37220000E+03  5.50070000E+03
    309  8.31830000E+00  1.55710000E+00  8.56680000E+00  7.09970000E+02 -1.04700000E+02 -9.11620000E+02
    310  8.58660000E-02  5.31940000E+00  6.22150000E+00 -3.40800000E+03 -1.06870000E+04  9.49450000E+03
    311  4.59610000E-01  5.49920000E+00  5.31160000E+00  4.13720000E+02  5.32290000E+03 -9.01210000E+03
    312  1.47930000E-01  6.14810000E+00  6.77760000E+00  1.07170000E+03  2.99080000E+03  1.51390000E+03
    313  4.71800000E+00 -4.23190000E+00  4.15770000E+00  3.92570000E+02  8.42730000E+03  9.40820000E+03
    314  4.07610000E+00 -4.16350000E+00  3.39400000E+00 -1.82590000E+03 -1.93740000E+03 -8.24930000E+03
    315  5.18960000E+00 -5.11290000E+00  4.11960000E+00  1.12660000E+03 -6.94710000E+03 -1.09610000E+03
    316 -2.45650000E+00 -2.29250000E-01  5.97580000E+00  1.08130000E+03 -1.70450000E+03 -5.51100000E+03
    317 -3.24510000E+00 -8.42980000E-01  5.93780000E+00 -2.30490000E+03 -4.08820000E+02  1.77780000E+03
    318 -2.36630000E+00  1.41630000E-01  6.90010000E+00 -1.10080000E+03  2.50820000E+03  3.46690000E+03
    319  5.94680000E+00  6.30360000E+00  7.15340000E-01 -8.64570000E+03  8.33610000E+03 -8.15150000E+03
    320  5.57990000E+00  6.79320000E+00  1.50640000E+00  2.16590000E+03 -1.03880000E+03  2.47020000E+03
    321  6.17040000E+00  5.36500000E+00  9.77970000E-01  6.10320000E+03 -7.10390000E+03  6.17590000E+03
    322 -6.06360000E+00  7.78850000E+00  1.02540000E+00  7.85830000E+03 -1.23490000E+04 -4.97100000E+03
    323 -6.37930000E+00  8.20190000E+00  1.87950000E+00 -4.63060000E+03  5.17640000E+03  3.72160000E+03
    324 -6.09940000E+00  8.46790000E+00  2.92460000E-01  3.03880000E+02  4.44360000E+03 -1.08870000E+03
    325  3.18610000E-01  7.61730000E+00  5.18760000E-01 -5.52470000E+03  2.52760000E+03  5.72600000E+02
    326  1.26520000E+00  7.30110000E+00  4.55730000E-01  2.85240000E+03 -3.89730000E+03  6.52270000E+02
    327 -2.63780000E-01  7.04440000E+00 -5.79820000E-02  1.10840000E+03 -3.45160000E+03 -2.21290000E+03
    328  5.18020000E+00 -2.07390000E+00  5.70090000E+00  6.20410000E+03  1.01970000E+04  7.36080000E+03
    329  5.19950000E+00 -2.86320000E+00  5.08730000E+00 -2.69350000E+03 -8.00180000E+03 -5.14030000E+03
    330  4.24440000E+00 -1.72830000E+00  5.77100000E+00 -3.21920000E+03 -1.11800000E+02  4.02850000E+02
    331  2.20490000E-01  2.57910000E+00  5.68320000E+00  1.04320000E+04 -1.00080000E+04  3.68660000E+03
    332  2.93190000E-01  3.48500000E+00  6.10030000E+00 -3.59300000E+03  9.28080000E+03  4.53100000E+02
    333 -6.18580000E-01  2.52730000E+00  5.14160000E+00 -8.62130000E+03  2.08900000E+03 -2.14860000E+03
    334 -8.31710000E+00  3.21410000E+00 -1.84320000E+00  1.59330000E+04  1.78790000E+04  6.29270000E+03
    335  7.89100000E+00  3.07310000E+00 -1.88700000E+00 -5.93370000E+03 -6.23480000E+03 -3.99210000E+03
    336 -7.84790000E+00  2.38420000E+00 -2.14490000E+00  1.08910000E+03 -8.60790000E+03 -1.21930000E+03
    337 -5.91410000E+00 -1.50170000E+00 -4.11880000E+00 -1.43010000E+04 -4.42780000E+03  2.14130000E+03
    338 -5.22520000E+00 -7.91120000E-01 -3.97560000E+00  1.05810000E+04  6.18550000E+03 -1.03920000E+02
    339 -5.50130000E+00 -2.40090000E+00 -3.97350000E+00  4.01950000E+03 -1.26330000E+03  5.53640000E+02
    340 -1.93710000E+00 -4.06680000E+00 -4.69350000E-02  3.38790000E+02  5.30390000E+02  1.33400000E+04
    341 -2.86040000E+00 -3.71300000E+00 -1.96870000E-01 -3.48210000E+03  9.85290000E+02 -3.84420000E+03
    342 -1.49050000E+00 -4.21860000E+00 -9.28690000E-01  1.91870000E+03 -8.78120000E+02 -8.78670000E+03
    343  2.84830000E+00  1.76900000E+00  5.77470000E+00  6.31510000E+03 -9.51600000E+03 -4.38870000E+03
    344  3.48820000E+00  2.39740000E+00  6.21690000E+00  2.30990000E+03  8.26650000E+03  6.43230000E+03
    345  1.91580000E+00  1.98190000E+00  6.06660000E+00 -8.04870000E+03  4.50770000E+03  1.73920000E+03
    346 -1.76770000E+00 -1.34910000E+00 -4.30070000E+00 -1.30760000E+04  2.93370000E+03 -7.70610000E+03
    347 -1.43050000E+00 -8.68360000E-01 -3.49130000E+00  5.24650000E+03  3.05380000E+03  6.55390000E+03
    348 -1.01460000E+00 -1.84640000E+00 -4.73150000E+00  6.26590000E+03 -4.67820000E+03  1.30710000E+03
    349  1.29740000E+00 -6.76010000E+00  4.01600000E+00  1.08520000E+04 -4.50450000E+02 -1.11670000E+04
    350  1.55470000E+00 -6.69570000E+00  4.98020000E+00 -1.04770000E+03  1.11940000E+03  9.30050000E+03
    351  3.01810000E-01 -6.81360000E+00  3.93900000E+00 -8.54680000E+03  7.25290000E+02  3.38480000E+03
    352  8.06000000E+00 -6.08760000E+00 -6.72220000E+00 -2.01710000E+03  4.19730000E+03  4.66990000E+02
    353 -8.15640000E+00 -5.89940000E+00 -6.77380000E+00  2.98480000E+03 -1.67080000E+03 -3.57090000E+02
    354  7.91420000E+00 -7.07070000E+00 -6.61140000E+00  1.88200000E+03 -3.38740000E+03  5.16050000E+01
    355  4.82710000E-01  4.22900000E+00 -6.68270000E+00  3.66760000E+03  2.79940000E+03  6.85130000E+03
    356  1.93300000E-01  3.27180000E+00 -6.67570000E+00 -2.59330000E+03 -5.37290000E+03 -2.41740000E+03
    357 -1.33460000E-01  4.75980000E+00 -7.26460000E+00 -2.72240000E+03 -1.28840000E+03 -3.43200000E+03
    358 -1.32530000E+00  1.76540000E-01 -1.91410000E+00 -3.70420000E+03 -1.70260000E+03 -1.35380000E+04
    359 -6.60910000E-01  2.83850000E-01 -1.17450000E+00  3.47790000E+03  3.84320000E+02  8.92460000E+03
    360 -2.22380000E+00 -3.21790000E-02 -1.52810000E+00 -1.74820000E+03 -8.59340000E+02  3.91820000E+03
    361 -2.62360000E+00  3.23400000E+00 -4.25100000E-01  9.49890000E+03  1.56100000E+03 -8.98910000E+03
    362 -3.12360000E+00  3.93370000E+00  8.51280000E-02 -5.21500000E+03  2.77490000E+03  2.83610000E+03
    363 -2.64980000E+00  2.37070000E+00  7.88830000E-02 -2.44180000E+03 -6.16380000E+03  6.17070000E+03
    364  7.34520000E+00 -4.64160000E+00 -4.09040000E+00 -7.33630000E+03  6.68750000E+03  6.22800000E+02
    365  7.11550000E+00 -4.92150000E+00 -5.02260000E+00  2.34100000E+03 -3.16790000E+03 -3.99860000E+03
    366  8.20270000E+00 -5.07510000E+00 -3.81340000E+00  6.15610000E+03 -4.68130000E+03  2.57550000E+03
    367 -4.33640000E+00  8.29750000E+00  5.35720000E+00 -4.19850000E+03  6.17970000E+02 -5.63380000E+03
    368 -4.32460000E+00  7.81580000E+00  6.23350000E+00  3.24590000E+03 -2.61910000E+03  4.87250000E+03
    369 -3.84640000E+00  7.75750000E+00  4.67290000E+00  5.68020000E+03 -6.70510000E+02  2.29410000E+02
    370  2.52730000E+00 -1.81660000E+00 -4.31220000E+00 -1.09850000E+04  9.74480000E+02  2.53560000E+03
    371  3.27600000E+00 -1.94560000E+00 -3.66190000E+00  5.19730000E+03  6.00150000E+02  2.06530000E+03
    372  2.87270000E+00 -1.92350000E+00 -5.24450000E+00  6.53490000E+03 -2.42400000E+03 -5.52610000E+03
    373  4.14860000E+00 -7.17380000E+00  8.28200000E+00 -2.59260000E+03  1.14520000E+04  7.40810000E+03
    374  4.38930000E+00 -6.62230000E+00  7.48330000E+00  1.25360000E+03 -1.56150000E+03 -3.84480000E+03
    375  3.90780000E+00 -8.09900000E+00  7.98860000E+00  3.32370000E+03 -7.95390000E+03 -4.63110000E+03
    376  3.38200000E+00 -1.04010000E-01 -1.72420000E+00 -2.04190000E+03 -8.21480000E+03  7.33050000E+03
    377  2.78630000E+00  6.41940000E-01 -2.02200000E+00 -3.17190000E+03  5.79000000E+03 -2.55390000E+03
    378  4.26500000E+00 -3.15860000E-02 -2.18800000E+00  3.63220000E+03  2.06380000E+03 -6.28870000E+03
    379 -8.81650000E-01 -4.83710000E+00 -7.49750000E+00 -5.04750000E+03 -3.46120000E+03 -8.22110000E+03
    380 -1.14570000E+00 -3.87270000E+00 -7.48280000E+00  9.14060000E+02  1.48290000E+03  2.21880000E+03
    381 -3.51430000E-01 -5.05060000E+00 -6.67690000E+00  3.66130000E+03 -2.15200000E+02  5.15440000E+03
    382  3.60550000E+00  4.64440000E+00  2.84870000E+00 -2.93080000E+02  1.45240000E+04  1.68720000E+03
    383  3.98930000E+00  3.92120000E+00  3.42280000E+00  2.02840000E+03 -9.25220000E+03  2.75690000E+02
    384  3.06120000E+00  4.23570000E+00  2.11620000E+00 -2.54030000E+03 -8.71670000E+03 -3.03100000E+03
    385 -8.60190000E-01 -8.58820000E+00  7.30770000E+00  4.10150000E+02 -4.61500000E+03  4.27590000E+03
    386 -1.00880000E+00 -7.72210000E+00  6.83060000E+00 -1.96230000E+02  5.20460000E+03 -3.23060000E+03
    387  6.48130000E-02  8.59130000E+00  7.68730000E+00  2.61950000E+03  2.69330000E+03 -2.31130000E+03
    388  5.57960000E+00 -6.98350000E+00  4.31220000E+00  6.89930000E+03  9.97620000E+03  7.07370000E+03
    389  5.17240000E+00 -7.21040000E+00  3.42750000E+00 -6.20870000E+03 -5.88720000E+03 -5.36390000E+03
    390  5.81890000E+00 -7.82560000E+00  4.79540000E+00 -1.82970000E+03 -3.84540000E+03 -5.67020000E+02
    391 -1.34020000E+00 -4.10460000E+00  2.63600000E+00  8.29920000E+03 -6.38810000E+03  9.01550000E+03
    392 -1.94080000E+00 -3.35790000E+00  2.92200000E+00 -5.13060000E+03  3.77140000E+03 -1.06110000E+03
    393 -1.21470000E+00 -4.07100000E+00  1.64450000E+00 -3.59200000E+03  2.21170000E+03 -8.32020000E+03
    394  4.42790000E+00  7.05460000E+00 -1.72400000E+00 -1.54580000E+04  8.37380000E+03 -4.40900000E+02
    395  4.62470000E+00  6.75350000E+00 -7.90890000E-01  6.22210000E+03 -1.09950000E+03  2.76810000E+03
    396  5.11550000E+00  6.68190000E+00 -2.34700000E+00  9.63270000E+03 -4.51330000E+03 -2.49500000E+03
    397 -4.61430000E+00  5.66630000E+00 -2.46550000E+00 -3.14790000E+03 -8.13650000E+02 -2.35780000E+03
    398 -4.23530000E+00  5.63620000E+00 -1.54060000E+00  2.20810000E+03 -3.86020000E+02  4.11720000E+03
    399 -4.09480000E+00  6.31790000E+00 -3.01810000E+00  7.10550000E+02  1.05380000E+03  4.29980000E+02
    400 -5.95130000E+00 -3.82080000E+00 -7.05770000E+00  1.50690000E+03 -1.06080000E+04 -3.17940000E+03
    401 -5.33770000E+00 -3.03250000E+00 -7.01210000E+00 -4.83410000E+00  5.57660000E+03  1.64590000E+03
    402 -6.89360000E+00 -3.51910000E+00 -6.91230000E+00 -1.14710000E+03  6.28340000E+03  1.57810000E+03
    403  7.01220000E-01  1.82400000E+00  3.02150000E+00 -4.42290000E+03 -1.10460000E+04 -6.15410000E+03
    404  1.22860000E+00  2.42450000E+00  2.42050000E+00  3.40870000E+03  5.51900000E+03 -2.93370000E+03
    405  9.51420000E-01  2.00100000E+00  3.97340000E+00  1.31640000E+03  3.35520000E+03  5.57870000E+03
    406 -5.72060000E+00  4.04390000E+00 -6.06880000E+00 -3.46190000E+03 -1.71370000E+04 -5.93840000E+03
    407 -5.96250000E+00  4.22930000E+00 -5.11640000E+00 -2.21700000E+03  7.14790000E+03  7.29070000E+03
    408 -5.13400000E+00  4.77700000E+00 -6.41300000E+00  4.48790000E+03  1.22420000E+04 -9.83720000E+02
    409  2.88980000E+00 -7.01260000E-01  1.97030000E+00  2.36280000E+03  1.00590000E+03  8.06040000E+03
    410  2.40580000E+00 -1.14290000E+00  1.21480000E+00 -1.23070000E+03 -4.50770000E+03 -5.66190000E+03
    411  2.51530000E+00  2.14320000E-01  2.11680000E+00 -1.09200000E+03  1.78600000E+03 -7.73500000E+02
    412  6.74850000E+00  2.22250000E+00  5.76760000E+00  3.64130000E+03  1.24420000E+04 -7.59370000E+03
    413  6.94010000E+00  1.24120000E+00  5.74670000E+00  1.05740000E+03 -1.02460000E+04  4.51000000E+03
    414  6.03860000E+00  2.40960000E+00  6.44650000E+00 -4.01870000E+03 -1.27350000E+03  4.67570000E+03
    415 -1.86380000E+00 -5.96590000E+00  6.50960000E+00  6.68820000E+03 -1.47630000E+04 -5.46660000E+02
    416 -2.52340000E+00 -5.23570000E+00  6.33120000E+00 -2.34570000E+03  1.17860000E+04 -2.19090000E+03
    417 -1.35150000E+00 -5.75680000E+00  7.34250000E+00  1.18110000E+03  4.01290000E+03  3.76850000E+03
    418  2.77890000E-01  4.36200000E-01  2.86100000E-01  6.14930000E+02  1.56180000E+03 -3.05630000E+03
    419  2.54480000E-01  8.35860000E-01  1.16750000E+00 -1.81490000E+03  3.37910000E+03  4.11890000E+03
    420  7.28540000E-01 -4.09940000E-01  4.25700000E-01  1.06360000E+03 -4.67570000E+03 -1.42060000E+03
