      1  5.73832765E+00 -2.83037529E-01 -3.78998535E+00 -4.76900000E+03  8.50220000E+03  1.09700000E+04
      2  6.58422765E+00 -8.15557529E-01 -3.81718535E+00  6.06460000E+03 -6.08020000E+03 -2.25580000E+03
      3  5.35692765E+00 -2.15017529E-01 -4.71188535E+00  2.65070000E+02  5.12720000E+02 -8.22160000E+03
      4 -4.17377235E+00 -3.55395753E+00 -1.49448535E+00  2.85330000E+03  6.89420000E+02  1.49430000E+03
      5 -3.79287235E+00 -4.05085753E+00 -2.27418535E+00 -3.45970000E+02 -3.19320000E+03 -3.68930000E+03
      6 -5.13947235E+00 -3.79065753E+00 -1.38718535E+00 -3.63880000E+03 -1.27350000E+03 -4.90240000E+01
      7  8.25902765E+00 -1.66775753E+00 -3.69488535E+00 -4.21080000E+03  6.65130000E+03  8.28170000E+02
      8  8.45182765E+00 -2.64395753E+00 -3.59548535E+00  2.63580000E+02 -3.87590000E+03 -6.65370000E+02
      9 -8.08217235E+00 -1.15245753E+00 -3.65288535E+00  3.01390000E+03 -1.57190000E+03 -5.66560000E+02
     10  3.56592765E+00  2.79754247E+00 -6.01228535E+00  8.22910000E+03  7.72420000E+03  8.78730000E+02
     11  3.28602765E+00  1.91584247E+00 -5.63248535E+00 -4.98360000E+03 -5.48520000E+03 -2.05090000E+02
     12  2.89212765E+00  3.09954247E+00 -6.68668535E+00 -3.66320000E+03 -3.68850000E+02 -4.23260000E+02
     13 -5.97547235E+00  3.53174247E+00  1.80154651E-01  1.98730000E+03 -7.97630000E+03  5.60450000E+03
     14 -5.22397235E+00  4.19094247E+00  2.08914651E-01  2.03530000E+03  4.23190000E+03 -4.82320000E+02
     15 -6.60197235E+00  3.77194247E+00 -5.61225349E-01 -4.15010000E+03  1.77610000E+03 -3.30980000E+03
     16 -6.89037235E+00 -4.63115753E+00  6.90221465E+00 -5.56650000E+03  5.34740000E+03 -5.39860000E+03
     17 -6.92387235E+00 -4.21645753E+00  7.81161465E+00  1.23960000E+03 -6.11710000E+02  2.10000000E+03
     18 -6.17027235E+00 -5.32455753E+00  6.87791465E+00  5.87250000E+03 -5.23100000E+03  1.76480000E+02
     19  7.22352765E+00  3.98284247E+00  1.52491465E+00 -7.47080000E+03  4.29030000E+03 -6.13160000E+03
     20  7.90602765E+00  3.64914247E+00  2.17521465E+00  4.77920000E+03 -2.23130000E+03  6.16000000E+03
     21  6.96332765E+00  3.24264247E+00  9.04924651E-01  9.20860000E+02 -2.50270000E+03  6.46510000E+02
     22  7.01867654E-01 -6.27935753E+00 -5.26618535E+00 -9.86270000E+02  5.21490000E+03 -2.03870000E+03
     23  2.38301654E-01 -6.93565753E+00 -4.67088535E+00 -9.75300000E+02 -2.04520000E+03  1.78920000E+03
     24  1.67932765E+00 -6.26995753E+00 -5.05538535E+00  3.96950000E+03 -3.23910000E+01  1.57460000E+03
     25  7.64622765E+00 -2.55877529E-01  6.26091465E+00  5.72860000E+03  8.90860000E+03  1.46840000E+03
     26  6.90182765E+00 -9.11057529E-01  6.13211465E+00 -6.09330000E+03 -7.47890000E+03 -1.80980000E+03
     27  8.47072765E+00 -5.93897529E-01  5.80711465E+00  6.23570000E+02 -3.07650000E+03 -9.52260000E+02
     28  2.00371654E-01  1.12691247E+00 -6.99278535E+00 -1.10110000E+04  1.64640000E+04 -4.26160000E+03
     29  4.50177654E-01  8.84152471E-01 -6.05538535E+00  5.67530000E+03 -2.59050000E+03  5.10060000E+03
     30  4.45247654E-01  3.77702471E-01 -7.60818535E+00  4.20460000E+03 -9.40900000E+03 -1.76700000E+03
     31  5.69872765E+00 -5.44885753E+00 -6.94268535E+00 -8.48280000E+03  1.03720000E+04  1.17810000E+04
     32  6.68232765E+00 -5.50325753E+00 -7.11498535E+00  7.35560000E+03 -2.70550000E+03 -1.79640000E+03
     33  5.21582765E+00 -6.06055753E+00 -7.56928535E+00 -2.27030000E+03 -6.38600000E+03 -6.94350000E+03
     34  2.14882765E+00 -4.81395753E+00 -6.33265349E-01 -8.45560000E+03  7.05730000E+03 -4.43230000E+02
     35  2.97112765E+00 -5.05065753E+00 -1.15068535E+00  5.57400000E+03 -5.28690000E+03 -2.49470000E+03
     36  1.89442765E+00 -5.57935753E+00 -4.21973493E-02  1.53540000E+03 -6.40610000E+03  3.65330000E+03
     37  9.43237654E-01  6.64904247E+00 -8.31378535E+00  1.05560000E+03  3.03710000E+03 -3.53990000E+03
     38  2.41369654E-01  7.31944247E+00 -8.07308535E+00 -2.21630000E+03  8.00090000E+02  1.77980000E+03
     39  1.36042765E+00  6.28834247E+00 -7.47958535E+00  1.61010000E+03 -1.63600000E+03  2.80190000E+03
     40 -7.09937235E+00  6.55582471E-01  1.26891465E+00  8.03650000E+02 -9.63340000E+03  3.59260000E+02
     41 -7.54937235E+00  1.27264247E+00  1.91451465E+00 -9.55140000E+02  3.85180000E+03  7.75840000E+02
     42 -6.52167235E+00  1.18554247E+00  6.48064651E-01  4.59850000E+02  6.28590000E+03 -2.03970000E+03
     43 -3.09657235E+00 -3.84485753E+00 -4.50918535E+00 -7.70300000E+03 -4.05400000E+03  3.10880000E+03
     44 -2.87917235E+00 -3.06285753E+00 -5.09338535E+00  2.84860000E+03  2.58640000E+03 -9.52430000E+02
     45 -2.24987235E+00 -4.29275753E+00 -4.22228535E+00  4.18740000E+03  1.69990000E+03 -8.04430000E+02
     46  8.37197654E-01  6.13974247E+00  3.70281465E+00 -4.87030000E+02 -1.00030000E+04  4.12130000E+03
     47  3.29251654E-01  6.93914247E+00  3.38191465E+00 -2.55620000E+03  6.55170000E+03 -2.00680000E+03
     48  1.75072765E+00  6.13934247E+00  3.29591465E+00  1.65810000E+03  4.93790000E+03 -2.88250000E+03
     49  3.39552765E+00 -4.40905753E+00  1.98371465E+00  6.01680000E+03  2.31990000E+03  2.20070000E+03
     50  2.57862765E+00 -3.99125753E+00  1.58601465E+00 -3.40010000E+03  1.03280000E+03 -1.66360000E+03
     51  3.12462765E+00 -5.11895753E+00  2.63381465E+00 -5.16580000E+03 -4.00330000E+03  1.07540000E+03
     52  4.96202765E+00  2.83282471E-01 -6.49798535E+00 -1.09110000E+03 -4.88390000E+03  5.46750000E+03
     53  5.04052765E+00 -3.00897529E-01 -7.30578535E+00  9.35090000E+02  1.77150000E+02 -2.37890000E+03
     54  5.09032765E+00  1.23884247E+00 -6.76328535E+00  3.85170000E+01  2.61430000E+03 -1.60800000E+03
     55  6.00692765E+00  3.42474247E+00 -7.80378535E+00 -3.49130000E+03  2.85650000E+03 -5.03830000E+03
     56  6.59712765E+00  2.64834247E+00 -7.58278535E+00  4.64710000E+03 -3.16040000E+03  2.57710000E+03
     57  5.47532765E+00  3.68034247E+00 -6.99628535E+00  1.38660000E+02 -5.90550000E+02  6.30410000E+03
     58  5.56752765E+00 -1.80125753E+00 -7.91045349E-01  9.23600000E+03 -7.29290000E+02  9.74140000E+03
     59  4.76292765E+00 -1.20775753E+00 -7.71965349E-01 -4.50470000E+03  2.50050000E+03 -2.15290000E+03
     60  5.59752765E+00 -2.29505753E+00 -1.66008535E+00 -2.45510000E+03 -3.01720000E+03 -7.51210000E+03
     61 -6.89407235E+00 -4.21875753E+00  1.63071465E+00 -2.95680000E+03  5.78060000E+03 -6.92630000E+03
     62 -6.03317235E+00 -4.71785753E+00  1.73001465E+00  5.42560000E+03 -4.70500000E+03  5.50740000E+03
     63 -7.54807235E+00 -4.54185753E+00  2.31481465E+00 -1.36650000E+03 -2.10090000E+03  2.97420000E+03
     64 -2.49692346E-01 -4.78335753E+00 -2.12598535E+00 -4.16760000E+03  1.47680000E+04 -6.82490000E+03
     65 -4.52872346E-01 -5.65725753E+00 -2.56768535E+00 -1.81370000E+01 -9.71720000E+03  1.75570000E+03
     66  3.79742654E-01 -4.93305753E+00 -1.36348535E+00  6.41440000E+03 -2.33940000E+03  1.67700000E+03
     67 -7.26547235E+00 -8.26095753E+00 -3.09488535E+00  1.50120000E+03 -8.12120000E+03 -1.61820000E+03
     68 -7.50687235E+00 -7.38235753E+00 -3.50688535E+00 -4.22870000E+02  4.33660000E+03  2.29290000E+03
     69 -7.50397235E+00 -8.25105753E+00 -2.12378535E+00 -1.10480000E+03  1.00620000E+03  2.70920000E+02
     70 -4.52897235E+00 -6.32835753E+00  6.40551465E+00 -1.08670000E+04  1.03400000E+04  9.21320000E+03
     71 -4.39257235E+00 -7.19745753E+00  5.93001465E+00  3.43910000E+03 -8.65470000E+03 -3.98460000E+03
     72 -3.65317235E+00 -5.85325753E+00  6.49031465E+00  2.63970000E+03 -1.78070000E+03 -2.87200000E+03
     73  4.42382765E+00 -7.33605753E+00  2.06211465E+00  7.02380000E+03 -7.69070000E+03  5.04010000E+03
     74  5.04422765E+00 -6.67145753E+00  1.64571465E+00  1.65700000E+03  5.33900000E+03 -5.31020000E+03
     75  3.52562765E+00 -7.27215753E+00  1.62731465E+00 -6.23450000E+03  2.94670000E+03 -2.28670000E+03
     76 -1.35847235E+00  1.00774471E-01  3.37901465E+00 -4.25510000E+03 -6.78660000E+03 -1.33810000E+04
     77 -1.82137235E+00  4.20934713E-02  4.26341465E+00  1.89900000E+03  2.47670000E+03  1.20350000E+04
     78 -4.64362346E-01  5.32422471E-01  3.49821465E+00  4.27470000E+03  4.13120000E+03  3.13860000E+03
     79 -4.29167235E+00  3.21084247E+00  6.48791465E+00  5.84560000E+03  4.62050000E+03  2.40410000E+03
     80 -4.97657235E+00  3.70304247E+00  5.95061465E+00 -3.27060000E+03 -3.19150000E+02 -1.95480000E+03
     81 -4.69357235E+00  2.37054247E+00  6.85181465E+00 -1.49830000E+03 -2.34670000E+03  2.26610000E+02
     82 -3.78187235E+00  5.53154247E+00  5.37424651E-01 -5.87370000E+02 -4.87200000E+03 -1.01900000E+04
     83 -4.28717235E+00  6.38934247E+00  6.31714651E-01 -4.19080000E+03  5.62910000E+03  3.99920000E+03
     84 -3.23017235E+00  5.37734247E+00  1.35701465E+00  1.74790000E+03  1.38610000E+03  9.01460000E+03
     85 -4.08797235E+00 -6.00955753E+00 -7.16308535E+00  1.71920000E+03 -7.02940000E+03  1.13040000E+03
     86 -3.82097235E+00 -6.10055753E+00 -8.12248535E+00 -1.58730000E+03  1.00250000E+03 -2.08900000E+03
     87 -4.62397235E+00 -5.17385753E+00 -7.04348535E+00 -4.58810000E+03  6.74060000E+03 -4.81530000E+02
     88 -2.10877235E+00  2.80614247E+00  4.68681465E+00  1.06830000E+04  2.85280000E+03 -3.94670000E+03
     89 -2.53327235E+00  3.27234247E+00  5.46291465E+00 -5.96140000E+03 -1.36660000E+03  3.52650000E+03
     90 -2.81257235E+00  2.33654247E+00  4.15381465E+00 -5.24390000E+03 -2.78060000E+03  5.23890000E+02
     91  1.83052765E+00  2.12324247E+00 -2.40518535E+00  6.30630000E+03 -5.19150000E+03 -9.38010000E+02
     92  2.06092765E+00  3.09174247E+00 -2.49968535E+00 -3.78200000E+02  4.18550000E+03 -3.46820000E+02
     93  1.10020765E+00  2.01814247E+00 -1.73018535E+00 -3.23090000E+03  6.72540000E+01  2.40210000E+03
     94 -2.30357235E+00  4.88684247E+00  2.90901465E+00 -1.07250000E+04  7.22950000E+03 -8.78870000E+03
     95 -2.00757235E+00  4.11094247E+00  3.46601465E+00  4.84160000E+03 -5.19030000E+03  4.97720000E+03
     96 -1.50707235E+00  5.42904247E+00  2.64161465E+00  5.27520000E+03  6.03850000E+02  3.23310000E+03
     97 -8.66772346E-01 -7.37505753E+00 -2.43128535E+00  1.66810000E+04 -6.16480000E+02 -1.26040000E+04
     98 -1.11917235E+00 -8.18725753E+00 -2.95708535E+00 -2.85040000E+03 -5.90900000E+03 -1.87750000E+03
     99 -1.49837235E+00 -7.26465753E+00 -1.66378535E+00 -9.03890000E+03  1.70370000E+03  5.81960000E+03
    100  3.00312765E+00  7.20204247E+00  2.13991465E+00 -9.12670000E+03  3.64970000E+03 -9.09050000E+03
    101  3.34382765E+00  6.28774247E+00  2.35901465E+00  6.09710000E+03 -5.15930000E+03  2.14430000E+03
    102  3.75692765E+00  7.85794247E+00  2.18151465E+00  3.60820000E+03  3.67670000E+03  3.40060000E+03
    103  5.99172765E+00 -4.04507529E-01  2.32071465E+00  1.00270000E+04 -1.35880000E+03  2.05930000E+03
    104  5.57402765E+00  4.75462471E-01  2.54691465E+00 -3.70540000E+03  1.30290000E+03  4.80480000E+02
    105  5.28252765E+00 -1.04445753E+00  2.02491465E+00 -5.70120000E+03  1.48540000E+03 -1.57500000E+03
    106  3.97092765E+00  4.23374247E+00 -3.33208535E+00 -5.83090000E+02 -2.87610000E+03  6.07680000E+03
    107  3.66302765E+00  5.10544247E+00 -3.71338535E+00 -1.26490000E+03  5.58800000E+03 -4.92210000E+03
    108  4.07022765E+00  3.56404247E+00 -4.06808535E+00  4.79160000E+01 -5.17280000E+02 -7.11070000E+03
    109 -1.86867235E+00 -7.28255753E+00 -6.36818535E+00  8.96070000E+03 -1.38780000E+04  8.02510000E+03
    110 -2.85637235E+00 -7.18205753E+00 -6.48788535E+00 -6.47050000E+03  6.37420000E+03 -3.24140000E+03
    111 -1.40427235E+00 -6.47655753E+00 -6.73508535E+00  1.07420000E+01  4.57460000E+03 -2.38260000E+03
    112 -2.81147235E+00 -6.59545753E+00 -9.06005349E-01  4.00930000E+03 -2.80660000E+03 -3.64090000E+03
    113 -2.53727235E+00 -6.03325753E+00 -1.25755349E-01 -1.26150000E+03  3.29550000E+03  3.82040000E+03
    114 -3.74137235E+00 -6.93435753E+00 -7.62855349E-01 -7.96560000E+03  1.12160000E+03  5.05160000E+03
    115  8.63512765E+00 -6.16655753E+00  4.19831465E+00  3.51270000E+03  1.65870000E+03 -2.43280000E+03
    116  7.63662765E+00 -6.11385753E+00  4.18301465E+00 -6.24940000E+03  3.79380000E+02  1.71890000E+03
    117 -8.21137235E+00 -5.63255753E+00  4.96751465E+00 -6.01060000E+02  1.60100000E+03  3.41260000E+03
    118  7.72432765E+00 -2.88005753E+00  2.91321465E+00  5.35240000E+03 -8.10090000E+03  1.04340000E+04
    119  8.08862765E+00 -2.47985753E+00  2.07221465E+00 -1.46650000E+03  4.10980000E+03 -7.69840000E+03
    120  6.84082765E+00 -2.46285753E+00  3.12591465E+00 -1.76750000E+03  3.64100000E+03 -2.19190000E+03
    121 -2.17257235E+00  3.26534247E+00 -3.10708535E+00 -4.10140000E+03 -5.73120000E+02 -1.49250000E+04
    122 -2.28397235E+00  3.28074247E+00 -2.11338535E+00  4.63760000E+02  6.58570000E+01  9.00000000E+03
    123 -1.25537235E+00  3.58454247E+00 -3.34518535E+00  4.56490000E+03  1.14390000E+03  2.82630000E+03
    124  1.87332765E+00  8.21132471E-01 -4.81728535E+00 -3.24150000E+03  4.03580000E+03 -1.28380000E+04
    125  2.20952765E+00 -9.43075287E-02 -4.59608535E+00  2.86700000E+03 -6.67830000E+03  5.42550000E+03
    126  2.04352765E+00  1.43464247E+00 -4.04618535E+00 -1.49300000E+03  1.18510000E+03  9.55750000E+03
    127  7.02322765E+00  2.25394247E+00 -2.62608535E+00 -1.20940000E+03  9.42840000E+02 -5.96210000E+03
    128  6.45272765E+00  2.26474247E+00 -1.80478535E+00 -6.47380000E+03 -5.57270000E+02  2.89030000E+03
    129  7.02852765E+00  1.33344247E+00 -3.01678535E+00 -3.73930000E+03 -5.81620000E+03 -5.65270000E+02
    130 -6.08367235E+00  7.66164247E+00 -5.33968535E+00  2.94060000E+03  3.35750000E+03 -8.24680000E+03
    131 -6.55387235E+00  6.84694247E+00 -5.67908535E+00 -1.90970000E+03 -1.95900000E+03  3.24410000E+03
    132 -6.42917235E+00  7.89174247E+00 -4.42998535E+00 -4.03400000E+03  1.61570000E+03  6.59570000E+03
    133 -4.10757235E+00  6.39144247E+00 -6.66758535E+00  6.49580000E+03 -9.81730000E+03  1.56970000E+03
    134 -3.45377235E+00  6.55724247E+00 -7.40588535E+00  1.89710000E+03  4.19200000E+03 -6.31470000E+03
    135 -4.64817235E+00  7.21754247E+00 -6.50858535E+00 -3.41320000E+03  5.52780000E+03  2.14650000E+03
    136  2.22712765E+00 -2.11155753E+00 -1.48285349E-01 -3.08460000E+03  1.04190000E+04  9.87460000E+03
    137  1.97502765E+00 -3.03555753E+00 -4.35955349E-01  4.17030000E+02 -7.63490000E+03 -3.87410000E+03
    138  2.63242765E+00 -1.62075753E+00 -9.19505349E-01  1.77690000E+03  1.56160000E+03 -4.93160000E+03
    139 -2.69937235E+00  7.34514247E+00  8.15011465E+00 -1.63320000E+04  2.32170000E+03  5.65430000E+03
    140 -2.29517235E+00  6.44674247E+00  7.97801465E+00  3.10920000E+03 -7.03200000E+03 -1.39040000E+03
    141 -2.00377235E+00  8.05304247E+00  8.02791465E+00  8.27900000E+03  3.17600000E+03 -4.29970000E+03
    142 -4.60867235E+00 -5.99645753E+00 -3.38608535E+00 -6.38720000E+03 -6.14420000E+02  3.11900000E+03
    143 -3.78037235E+00 -6.43765753E+00 -3.04068535E+00  3.42030000E+03 -1.01950000E+03  3.92010000E+02
    144 -4.36757235E+00 -5.36255753E+00 -4.12098535E+00  5.81540000E+03  2.83560000E+03 -4.87010000E+03
    145  8.24402765E+00 -1.78225753E+00  3.46324651E-01  3.35920000E+03 -3.12900000E+03  2.95660000E+03
    146  7.41542765E+00 -1.47685753E+00 -1.22895349E-01 -7.42880000E+03  2.06380000E+03 -1.18090000E+03
    147  8.84422765E+00 -9.98757529E-01  5.07704651E-01  6.30030000E+02  5.23740000E+03  8.71540000E+02
    148 -4.88547235E+00 -5.92185753E+00  2.68381465E+00  9.15430000E+02  5.93320000E+03 -5.01190000E+03
    149 -5.43197235E+00 -6.74685753E+00  2.82781465E+00 -3.14030000E+03 -4.64280000E+03  3.75380000E+03
    150 -4.19737235E+00 -5.84705753E+00  3.40561465E+00  7.73060000E+02 -1.39420000E+03  1.81890000E+03
    151 -6.97777235E+00 -7.93495753E+00  3.13061465E+00  1.50660000E+04 -8.46120000E+02 -1.47470000E+04
    152 -7.72717235E+00 -7.35395753E+00  3.44811465E+00 -7.58770000E+03  6.57800000E+03  6.60720000E+03
    153 -7.04837235E+00  8.36194247E+00  3.56011465E+00 -2.00880000E+03 -5.89660000E+03  6.28220000E+03
    154 -6.64047235E+00  4.96694247E+00 -3.58978535E+00 -4.42550000E+03 -1.10700000E+03 -1.38410000E+04
    155 -5.87757235E+00  5.24864247E+00 -3.00778535E+00  7.02890000E+03  2.98900000E+03  5.87050000E+03
    156 -7.26337235E+00  4.38624247E+00 -3.06568535E+00 -2.10410000E+03 -2.08840000E+03  6.95450000E+03
    157  4.86452765E+00  2.21284247E+00  3.81331465E+00  2.41060000E+03  2.26540000E+03 -1.41340000E+04
    158  5.80342765E+00  2.38114247E+00  4.11361465E+00  4.24390000E+03 -2.54040000E+01  4.11400000E+03
    159  4.31552765E+00  1.90544247E+00  4.59051465E+00 -4.32710000E+03 -1.41730000E+03  6.32490000E+03
    160 -3.61607235E+00 -1.18775753E+00 -5.56245349E-01  1.01370000E+04  2.08940000E+04  3.39990000E+03
    161 -4.19937235E+00 -1.24025753E+00  2.54314651E-01 -5.48480000E+03 -5.25750000E+03  3.08210000E+03
    162 -3.68117235E+00 -2.04295753E+00 -1.07038535E+00 -4.55540000E+03 -9.61810000E+03 -2.26180000E+03
    163 -5.54787235E+00 -6.78105753E+00 -2.91025349E-01  2.78390000E+03 -5.13910000E+03 -1.20510000E+03
    164 -5.96087235E+00 -6.40695753E+00 -1.12138535E+00 -2.56710000E+03  1.73980000E+03 -2.78330000E+03
    165 -6.17047235E+00 -6.64875753E+00  4.80264651E-01 -2.12660000E+03  3.17210000E+03  1.91010000E+03
    166  1.90372765E+00 -6.12245753E+00  6.73171465E+00 -3.08270000E+03 -1.25540000E+04 -4.75210000E+02
    167  2.50522765E+00 -6.37065753E+00  7.49111465E+00  1.73940000E+03  2.00070000E+03  2.78440000E+03
    168  1.73662765E+00 -5.13665753E+00  6.74681465E+00  2.39400000E+03  8.45270000E+03  2.78400000E+02
    169 -4.50187235E+00 -9.97057529E-01  7.82491465E+00 -3.26090000E+03 -1.53630000E+03 -9.18780000E+03
    170 -4.99207235E+00 -8.77557529E-01 -8.50888535E+00 -2.74150000E+02 -1.80390000E+02  4.94640000E+03
    171 -3.52817235E+00 -1.13035753E+00  8.00951465E+00  1.23510000E+03  2.41320000E+01  4.05010000E+03
    172 -3.83897235E+00  6.39572471E-01 -3.87378535E+00 -8.36230000E+03 -6.34710000E+03  5.24550000E+03
    173 -3.62707235E+00  1.50854247E+00 -4.32088535E+00  4.41240000E+03  3.48250000E+03 -3.78920000E+03
    174 -2.98917235E+00  1.54538471E-01 -3.66718535E+00  6.23880000E+03  4.23300000E+02 -1.06180000E+03
    175 -7.37017235E+00 -3.48195753E+00 -9.99785349E-01  1.18030000E+04 -8.16800000E+03 -1.96560000E+04
    176 -7.10007235E+00 -3.60395753E+00 -4.47703493E-02 -2.67640000E+03  7.88860000E+02  1.10360000E+04
    177 -8.14667235E+00 -2.85375753E+00 -1.04948535E+00 -4.09290000E+03  3.66910000E+03  7.18490000E+03
    178  5.78272765E+00 -5.08945753E+00  6.08254651E-01  3.50290000E+03 -1.14320000E+04 -2.43830000E+03
    179  4.83292765E+00 -4.77815753E+00  6.40964651E-01 -4.18690000E+03  6.50010000E+03  3.14910000E+03
    180  6.39322765E+00 -4.29755753E+00  5.92714651E-01  3.14470000E+02  4.15440000E+03  2.68180000E+02
    181  2.24502765E+00  3.47024247E+00  9.50264651E-01  3.98130000E+03 -1.99850000E+03  1.01850000E+04
    182  2.93072765E+00  3.28334247E+00  2.46754651E-01  1.75340000E+03 -8.05370000E+02 -4.44520000E+03
    183  1.64952765E+00  4.21404247E+00  6.46734651E-01 -4.74900000E+03  2.83800000E+03 -5.74300000E+03
    184  4.77762765E+00  6.97184247E+00  4.41221465E+00  1.13030000E+03  8.69260000E+03  6.11240000E+03
    185  4.34442765E+00  6.23544247E+00  3.89251465E+00  5.17100000E+01 -6.25140000E+03 -1.72250000E+03
    186  5.69302765E+00  6.68644247E+00  4.69601465E+00  3.98740000E+03 -4.97130000E+03  9.54580000E+01
    187 -1.08717235E+00 -6.40935753E+00  3.81201465E+00 -4.13430000E+01 -1.76060000E+04 -1.62560000E+03
    188 -1.29907235E+00 -6.16125753E+00  4.75721465E+00 -1.69210000E+03  4.21320000E+03  6.70230000E+03
    189 -9.81172346E-01 -5.57915753E+00  3.26471465E+00 -1.11130000E+03  1.24380000E+04 -2.78700000E+03
    190  4.91392765E+00  3.81564247E+00  7.00331465E+00 -1.31080000E+04 -7.83600000E+03 -1.26480000E+04
    191  5.45222765E+00  4.52824247E+00  6.55341465E+00  5.08810000E+03  5.89580000E+03  1.31730000E+01
    192  5.06492765E+00  3.85684247E+00  7.99101465E+00  6.43650000E+03  1.02200000E+03  8.54080000E+03
    193 -3.20097235E+00 -1.20715753E+00 -6.71648535E+00 -5.46700000E+03 -1.00090000E+04 -1.39160000E+03
    194 -3.03597235E+00 -4.69617529E-01 -7.37138535E+00  3.28540000E+03  5.52970000E+03 -4.34350000E+02
    195 -2.60087235E+00 -1.09125753E+00 -5.92508535E+00  3.50650000E+03  3.50730000E+03  4.48680000E+03
    196  2.45862765E+00 -3.47315753E+00  6.25171465E+00 -3.10170000E+03 -4.47360000E+03  4.79830000E+03
    197  2.11702765E+00 -2.59625753E+00  5.91371465E+00  6.89130000E+02  5.36840000E+03 -1.86490000E+03
    198  3.30162765E+00 -3.71135753E+00  5.76941465E+00  2.75930000E+03  3.61020000E+02 -2.34990000E+03
    199 -1.50127235E+00  7.73954247E+00 -4.32548535E+00  3.57820000E+03 -1.50710000E+03  8.40510000E+03
    200 -2.04417235E+00  6.92844247E+00 -4.54318535E+00 -1.55550000E+03 -4.39910000E+02 -3.18480000E+03
    201 -1.73247235E+00  8.47644247E+00 -4.96068535E+00 -2.18310000E+03  3.73970000E+03 -7.20790000E+03
    202 -3.14067235E+00  2.63274247E+00 -5.72428535E+00  4.73820000E+03 -9.96410000E+03 -6.75180000E+03
    203 -2.76857235E+00  3.00484247E+00 -4.87388535E+00  1.86430000E+03  4.44320000E+03  6.51100000E+03
    204 -3.90757235E+00  3.19784247E+00 -6.02848535E+00 -5.49390000E+03  5.14490000E+03  3.67080000E+02
    205  5.36652765E+00 -3.18515753E+00 -3.27748535E+00 -1.00570000E+04  6.66560000E+03  6.34980000E+03
    206  4.68612765E+00 -3.45245753E+00 -3.95988535E+00  8.57960000E+02 -3.16090000E+03 -1.35670000E+03
    207  6.25412765E+00 -3.57675753E+00 -3.51978535E+00  7.50630000E+03 -5.00560000E+03 -2.74700000E+03
    208 -2.29927235E+00  4.64544247E+00  8.07711465E+00  4.05250000E+03  4.67880000E+03  4.02610000E+03
    209 -2.99707235E+00  4.21694247E+00  7.50301465E+00 -3.89720000E+03 -4.90460000E+03 -2.45640000E+03
    210 -1.44017235E+00  4.14114247E+00  7.99071465E+00  5.56260000E+02 -2.11290000E+03 -2.16890000E+03
    211  3.72650654E-01 -3.18155753E+00 -4.97628535E+00 -6.24980000E+03  2.62070000E+03 -7.51610000E+03
    212  1.21141765E+00 -2.65975753E+00 -4.82058535E+00  6.03510000E+03  1.17830000E+03  4.63510000E+03
    213  4.14317654E-01 -4.04055753E+00 -4.46598535E+00  2.22820000E+03 -2.64630000E+03  3.75970000E+03
    214  3.83422765E+00 -3.16895753E+00 -6.39308535E+00 -3.22800000E+03  8.88120000E+03 -1.41110000E+02
    215  4.74822765E+00 -3.49825753E+00 -6.63018535E+00  2.68030000E+03 -4.36140000E+03 -2.10030000E+03
    216  3.36522765E+00 -3.85645753E+00 -5.83868535E+00 -8.53500000E+01 -5.57510000E+03  7.90030000E+02
    217 -5.36447235E+00  4.32924247E+00  3.73241465E+00 -1.05680000E+04  1.99980000E+04  3.72520000E+03
    218 -4.46087235E+00  4.75634247E+00  3.69721465E+00  5.79570000E+03 -2.63780000E+03 -2.54570000E+03
    219 -5.26697235E+00  3.33614247E+00  3.66851465E+00  6.10940000E+03 -1.19490000E+04 -1.59860000E+03
    220 -6.36137235E+00  1.11605247E+00 -2.51758535E+00 -1.12780000E+04  6.24640000E+03  9.94050000E+02
    221 -6.22827235E+00  2.04838471E-01 -2.90738535E+00  3.85650000E+03 -3.34070000E+03 -7.89930000E+02
    222 -5.48327235E+00  1.47564247E+00 -2.20198535E+00  5.05710000E+03 -1.59550000E+03 -5.58680000E+02
    223 -2.50167235E+00  1.03817247E+00 -8.28318535E+00 -4.53860000E+03 -7.82770000E+03 -8.74310000E+03
    224 -2.93017235E+00  1.41644247E+00 -7.46258535E+00  1.37520000E+03  6.42590000E+03  5.95120000E+03
    225 -1.50847235E+00  1.03026247E+00 -8.16768535E+00  5.57080000E+03  3.35830000E+03  5.11110000E+03
    226 -6.95667235E+00 -2.82625753E+00  4.56251465E+00  7.95250000E+03  7.65760000E+03 -1.64640000E+03
    227 -7.81267235E+00 -2.95705753E+00  4.06241465E+00 -6.68470000E+03 -1.73940000E+03 -2.48740000E+03
    228 -6.88097235E+00 -3.51755753E+00  5.28111465E+00 -2.13160000E+03 -5.13000000E+03  4.49390000E+03
    229 -5.83417235E+00 -3.77727529E-01  5.45131465E+00  9.76610000E+02  1.28470000E+04 -7.50640000E+03
    230 -6.09587235E+00 -1.24405753E+00  5.02581465E+00 -3.32690000E+03 -7.82380000E+03 -7.85190000E+02
    231 -5.48617235E+00 -5.50097529E-01  6.37281465E+00  2.67190000E+03 -4.10930000E+03  6.51390000E+03
    232 -6.22607235E+00  6.91104247E+00  4.25711465E+00 -6.72050000E+03  2.78820000E+03  4.39390000E+03
    233 -5.35677235E+00  7.38654247E+00  4.39231465E+00  2.84560000E+03  2.60560000E+03  1.12070000E+03
    234 -6.06257235E+00  6.04384247E+00  3.78671465E+00  2.11060000E+03 -6.87160000E+03 -2.93950000E+03
    235  2.82539654E-01  4.82394247E+00 -6.86925349E-01  6.44660000E+03  6.15200000E+03  6.98690000E+03
    236  5.08487654E-01  4.83274247E+00 -1.66098535E+00 -2.76000000E+03 -2.73060000E+03 -5.44540000E+03
    237 -4.99282346E-01  4.22034247E+00 -5.30995349E-01 -5.85070000E+03 -3.84260000E+03 -1.28810000E+03
    238  5.12292765E+00  3.66964247E+00 -1.03368535E+00  5.38970000E+03 -8.37900000E+03  1.71850000E+04
    239  4.87182765E+00  3.92624247E+00 -1.96708535E+00 -5.22700000E+03  4.37170000E+03 -9.47210000E+03
    240  5.28182765E+00  4.49504247E+00 -4.91905349E-01  5.39100000E+02  2.95300000E+03 -1.57160000E+03
    241  1.68192765E+00 -7.10395753E+00  1.46691465E+00  7.46380000E+03  1.14150000E+04 -1.64570000E+04
    242  1.56862765E+00 -8.07565753E+00  1.25931465E+00 -5.90460000E+03 -6.24000000E+03  1.20780000E+03
    243  1.58282765E+00 -6.95915753E+00  2.45131465E+00 -6.15770000E+02 -1.12570000E+03  1.09930000E+04
    244 -7.34107235E+00  2.33244247E+00 -5.61708535E+00 -1.30040000E+04 -8.61420000E+03 -2.14950000E+03
    245 -6.60117235E+00  2.92374247E+00 -5.93788535E+00  8.04210000E+03  6.69120000E+03 -3.57750000E+02
    246 -7.16527235E+00  2.06164247E+00 -4.67058535E+00  2.92080000E+03  3.17340000E+02  2.75910000E+03
    247  6.84112765E+00  5.99884247E+00 -3.00008535E+00 -3.53720000E+03  4.87060000E+03  3.33390000E+03
    248  7.61162765E+00  5.72554247E+00 -2.42408535E+00  2.26150000E+03 -1.05540000E+03 -2.47500000E+02
    249  6.69012765E+00  5.30674247E+00 -3.70598535E+00  1.13040000E+03 -4.36460000E+03 -4.34210000E+03
    250 -7.94597235E+00  6.41854247E+00  6.45141465E+00 -2.95990000E+03 -1.88940000E+03  3.72690000E+03
    251 -7.56857235E+00  6.31624247E+00  7.37181465E+00  1.04730000E+03  8.40230000E+02  5.86220000E+02
    252 -7.19917235E+00  6.46934247E+00  5.78831465E+00  4.51670000E+03  2.90420000E+03 -5.07660000E+03
    253 -6.76917235E+00 -9.95257529E-01 -6.46378535E+00 -2.46340000E+03 -2.63340000E+03 -1.29290000E+04
    254 -6.35537235E+00 -9.45957529E-01 -5.55478535E+00  3.09770000E+03 -2.72340000E+02  7.46620000E+03
    255 -7.22387235E+00 -1.29137529E-01 -6.67108535E+00 -1.94530000E+03  2.21980000E+03  1.39670000E+03
    256 -3.20407235E+00 -3.91025753E+00  5.80601465E+00  2.13240000E+03 -2.10110000E+03  6.27100000E+03
    257 -4.00887235E+00 -3.52045753E+00  6.25351465E+00 -2.94230000E+03  2.42240000E+03 -1.50850000E+03
    258 -3.10287235E+00 -3.51145753E+00  4.89461465E+00 -8.86080000E+02  4.99270000E+03 -6.06070000E+03
    259  3.77442765E+00 -5.48775753E+00 -4.60838535E+00 -8.87370000E+03  3.07090000E+03 -2.16980000E+03
    260  4.50172765E+00 -5.43775753E+00 -5.29298535E+00  5.94140000E+03 -3.00060000E+03 -3.69770000E+03
    261  4.13122765E+00 -5.90355753E+00 -3.77198535E+00  2.88950000E+03 -2.21560000E+02  4.61890000E+03
    262 -5.41167235E+00 -1.60785753E+00  1.80871465E+00  1.33640000E+04  9.91680000E+02 -7.57230000E+02
    263 -5.92437235E+00 -2.28505753E+00  2.33641465E+00 -5.94240000E+03 -3.34340000E+03  7.20200000E+02
    264 -6.00427235E+00 -8.30497529E-01  1.59781465E+00 -7.66510000E+03  3.85440000E+03 -4.48000000E+01
    265  7.92277654E-01 -1.18745753E+00 -8.20628535E+00 -3.52130000E+03  1.86680000E+03  4.77240000E+02
    266  1.36802765E+00 -1.30925753E+00  8.18231465E+00  2.37270000E+03 -1.91350000E+03 -2.36170000E+03
    267  1.03548765E+00 -1.87035753E+00 -7.51738535E+00  2.34050000E+03 -2.58360000E+03 -6.99880000E+01
    268 -4.83867235E+00  1.81384247E+00  3.64521465E+00  3.40740000E+03  2.07160000E+03  5.55630000E+01
    269 -4.71857235E+00  1.52774247E+00  2.69461465E+00  6.91380000E+02 -3.43880000E+03 -3.56770000E+03
    270 -5.10977235E+00  1.02650247E+00  4.19901465E+00 -2.78460000E+03 -7.14910000E+03  3.19170000E+03
    271 -1.09377235E+00  8.17034247E+00  2.98061465E+00 -1.56290000E+03 -1.35590000E+04  1.30310000E+03
    272 -9.42872346E-01  8.14504247E+00  1.99241465E+00  2.63460000E+03  3.26990000E+03 -3.19110000E+03
    273 -1.14127235E+00 -8.07605753E+00  3.28681465E+00 -1.15620000E+02  9.24800000E+03  1.20430000E+03
    274  7.06592765E+00  3.75124247E+00 -4.97418535E+00 -4.04410000E+03  7.18170000E+03 -4.33540000E+03
    275  7.98762765E+00  3.83194247E+00 -5.35348535E+00  2.82200000E+03 -1.74700000E+03  4.60250000E+01
    276  7.08932765E+00  3.16974247E+00 -4.16098535E+00  8.94820000E+02 -4.88200000E+03  5.64290000E+03
    277  5.68997654E-01  4.57454247E+00 -3.57158535E+00 -4.49510000E+03 -2.04340000E+03  9.42590000E+03
    278  1.10401765E+00  5.40184247E+00 -3.40028535E+00  3.11440000E+03  3.28590000E+03 -4.76080000E+03
    279  5.24697654E-01  4.40344247E+00 -4.55578535E+00  2.80940000E+03  1.17190000E+03 -6.31540000E+03
    280  2.98032765E+00  6.89164247E+00 -3.98428535E+00 -5.05530000E+03 -5.97850000E+03 -4.18090000E+03
    281  2.43822765E+00  7.60304247E+00 -4.43158535E+00  6.02070000E+02  1.74380000E+03  2.63920000E+02
    282  3.35262765E+00  7.24544247E+00 -3.12628535E+00  4.22460000E+03  2.25860000E+03  5.29350000E+03
    283 -2.69257235E+00  9.23082471E-01  1.18831465E+00 -7.16900000E+03  1.17040000E+04 -6.64530000E+03
    284 -2.23117235E+00  5.71722471E-01  2.00291465E+00  6.22560000E+03 -3.78640000E+03  6.37230000E+03
    285 -2.88527235E+00  1.67774471E-01  5.61854651E-01 -1.09850000E+02 -5.53580000E+03 -2.70930000E+03
    286  4.38072765E+00 -6.29085753E+00 -1.71158535E+00 -6.50700000E+03  2.39110000E+03 -6.13570000E+03
    287  5.06152765E+00 -6.18645753E+00 -9.86585349E-01  5.11310000E+03  4.19640000E+02  3.46930000E+03
    288  4.40312765E+00 -7.22865753E+00 -2.05808535E+00  2.22920000E+03 -3.70760000E+03  2.42700000E+03
    289 -3.06597235E+00 -2.16015753E+00  3.36591465E+00  2.43910000E+03 -9.13180000E+03  7.79090000E+03
    290 -3.94507235E+00 -1.92345753E+00  2.95231465E+00 -4.92110000E+03  2.60350000E+03 -5.40070000E+03
    291 -2.40337235E+00 -1.43475753E+00  3.17941465E+00  2.75620000E+03  6.73710000E+03 -1.68220000E+03
    292  7.02132765E+00  5.16664247E+00  5.65991465E+00 -1.78680000E+04  3.66200000E+03 -4.10580000E+03
    293  7.14012765E+00  4.17534247E+00  5.71711465E+00  4.78900000E+03 -6.57240000E+03 -1.32870000E+03
    294  7.91332765E+00  5.61394247E+00  5.72511465E+00  8.31990000E+03  3.31980000E+03  3.73290000E+03
    295 -7.19467235E+00 -5.44715753E+00 -2.88508535E+00 -1.28050000E+04 -5.70920000E+03 -6.37100000E+03
    296 -7.11277235E+00 -4.70915753E+00 -2.21528535E+00 -4.94750000E+02  7.38610000E+03  6.62550000E+03
    297 -6.31067235E+00 -5.59495753E+00 -3.32868535E+00  1.03020000E+04 -1.53370000E+03 -9.04780000E+01
    298  2.69762765E+00 -7.09377529E-01  5.50591465E+00 -1.97120000E+03 -1.68820000E+04  2.26150000E+03
    299  2.92372765E+00  2.57622471E-01  5.62331465E+00  1.44380000E+03  1.00060000E+04 -2.58110000E+02
    300  3.03322765E+00 -1.02525753E+00  4.61841465E+00  9.63590000E+01  3.38790000E+03 -4.97810000E+03
    301  4.50432765E+00  7.56984247E+00  7.35011465E+00 -1.00900000E+03  4.05720000E+03  4.88100000E+03
    302  3.68362765E+00  7.16824247E+00  7.75661465E+00 -1.19310000E+03 -3.30020000E+03 -1.19660000E+03
    303  4.63612765E+00  7.20054247E+00  6.43021465E+00 -9.36350000E+02 -1.61000000E+03 -5.08940000E+03
    304 -8.17107235E+00  3.29924247E+00  3.61781465E+00 -3.76760000E+03 -2.95410000E+03 -5.28760000E+03
    305 -7.29367235E+00  3.73774247E+00  3.42311465E+00  4.80930000E+03  2.66630000E+03  9.43450000E+02
    306 -8.11407235E+00  2.81064247E+00  4.48841465E+00 -5.52380000E+02 -1.60190000E+02  2.24000000E+03
    307  8.18472765E+00  1.46824247E+00 -7.69908535E+00 -6.76890000E+03 -2.28180000E+03 -3.49060000E+03
    308  8.70012765E+00  1.90134247E+00 -6.95968535E+00  5.31520000E+03  2.37220000E+03  5.50070000E+03
    309  8.61262765E+00  1.68584247E+00  8.62081465E+00  7.09970000E+02 -1.04700000E+02 -9.11620000E+02
    310  3.80193654E-01  5.44814247E+00  6.27551465E+00 -3.40800000E+03 -1.06870000E+04  9.49450000E+03
    311  7.53937654E-01  5.62794247E+00  5.36561465E+00  4.13720000E+02  5.32290000E+03 -9.01210000E+03
    312  4.42257654E-01  6.27684247E+00  6.83161465E+00  1.07170000E+03  2.99080000E+03  1.51390000E+03
    313  5.01232765E+00 -4.10315753E+00  4.21171465E+00  3.92570000E+02  8.42730000E+03  9.40820000E+03
    314  4.37042765E+00 -4.03475753E+00  3.44801465E+00 -1.82590000E+03 -1.93740000E+03 -8.24930000E+03
    315  5.48392765E+00 -4.98415753E+00  4.17361465E+00  1.12660000E+03 -6.94710000E+03 -1.09610000E+03
    316 -2.16217235E+00 -1.00507529E-01  6.02981465E+00  1.08130000E+03 -1.70450000E+03 -5.51100000E+03
    317 -2.95077235E+00 -7.14237529E-01  5.99181465E+00 -2.30490000E+03 -4.08820000E+02  1.77780000E+03
    318 -2.07197235E+00  2.70372471E-01  6.95411465E+00 -1.10080000E+03  2.50820000E+03  3.46690000E+03
    319  6.24112765E+00  6.43234247E+00  7.69354651E-01 -8.64570000E+03  8.33610000E+03 -8.15150000E+03
    320  5.87422765E+00  6.92194247E+00  1.56041465E+00  2.16590000E+03 -1.03880000E+03  2.47020000E+03
    321  6.46472765E+00  5.49374247E+00  1.03198465E+00  6.10320000E+03 -7.10390000E+03  6.17590000E+03
    322 -5.76927235E+00  7.91724247E+00  1.07941465E+00  7.85830000E+03 -1.23490000E+04 -4.97100000E+03
    323 -6.08497235E+00  8.33064247E+00  1.93351465E+00 -4.63060000E+03  5.17640000E+03  3.72160000E+03
    324 -5.80507235E+00  8.59664247E+00  3.46474651E-01  3.03880000E+02  4.44360000E+03 -1.08870000E+03
    325  6.12937654E-01  7.74604247E+00  5.72774651E-01 -5.52470000E+03  2.52760000E+03  5.72600000E+02
    326  1.55952765E+00  7.42984247E+00  5.09744651E-01  2.85240000E+03 -3.89730000E+03  6.52270000E+02
    327  3.05476545E-02  7.17314247E+00 -3.96734933E-03  1.10840000E+03 -3.45160000E+03 -2.21290000E+03
    328  5.47452765E+00 -1.94515753E+00  5.75491465E+00  6.20410000E+03  1.01970000E+04  7.36080000E+03
    329  5.49382765E+00 -2.73445753E+00  5.14131465E+00 -2.69350000E+03 -8.00180000E+03 -5.14030000E+03
    330  4.53872765E+00 -1.59955753E+00  5.82501465E+00 -3.21920000E+03 -1.11800000E+02  4.02850000E+02
    331  5.14817654E-01  2.70784247E+00  5.73721465E+00  1.04320000E+04 -1.00080000E+04  3.68660000E+03
    332  5.87517654E-01  3.61374247E+00  6.15431465E+00 -3.59300000E+03  9.28080000E+03  4.53100000E+02
    333 -3.24252346E-01  2.65604247E+00  5.19561465E+00 -8.62130000E+03  2.08900000E+03 -2.14860000E+03
    334 -8.02277235E+00  3.34284247E+00 -1.78918535E+00  1.59330000E+04  1.78790000E+04  6.29270000E+03
    335  8.18532765E+00  3.20184247E+00 -1.83298535E+00 -5.93370000E+03 -6.23480000E+03 -3.99210000E+03
    336 -7.55357235E+00  2.51294247E+00 -2.09088535E+00  1.08910000E+03 -8.60790000E+03 -1.21930000E+03
    337 -5.61977235E+00 -1.37295753E+00 -4.06478535E+00 -1.43010000E+04 -4.42780000E+03  2.14130000E+03
    338 -4.93087235E+00 -6.62377529E-01 -3.92158535E+00  1.05810000E+04  6.18550000E+03 -1.03920000E+02
    339 -5.20697235E+00 -2.27215753E+00 -3.91948535E+00  4.01950000E+03 -1.26330000E+03  5.53640000E+02
    340 -1.64277235E+00 -3.93805753E+00  7.07965067E-03  3.38790000E+02  5.30390000E+02  1.33400000E+04
    341 -2.56607235E+00 -3.58425753E+00 -1.42855349E-01 -3.48210000E+03  9.85290000E+02 -3.84420000E+03
    342 -1.19617235E+00 -4.08985753E+00 -8.74675349E-01  1.91870000E+03 -8.78120000E+02 -8.78670000E+03
    343  3.14262765E+00  1.89774247E+00  5.82871465E+00  6.31510000E+03 -9.51600000E+03 -4.38870000E+03
    344  3.78252765E+00  2.52614247E+00  6.27091465E+00  2.30990000E+03  8.26650000E+03  6.43230000E+03
    345  2.21012765E+00  2.11064247E+00  6.12061465E+00 -8.04870000E+03  4.50770000E+03  1.73920000E+03
    346 -1.47337235E+00 -1.22035753E+00 -4.24668535E+00 -1.30760000E+04  2.93370000E+03 -7.70610000E+03
    347 -1.13617235E+00 -7.39617529E-01 -3.43728535E+00  5.24650000E+03  3.05380000E+03  6.55390000E+03
    348 -7.20272346E-01 -1.71765753E+00 -4.67748535E+00  6.26590000E+03 -4.67820000E+03  1.30710000E+03
    349  1.59172765E+00 -6.63135753E+00  4.07001465E+00  1.08520000E+04 -4.50450000E+02 -1.11670000E+04
    350  1.84902765E+00 -6.56695753E+00  5.03421465E+00 -1.04770000E+03  1.11940000E+03  9.30050000E+03
    351  5.96137654E-01 -6.68485753E+00  3.99301465E+00 -8.54680000E+03  7.25290000E+02  3.38480000E+03
    352  8.35432765E+00 -5.95885753E+00 -6.66818535E+00 -2.01710000E+03  4.19730000E+03  4.66990000E+02
    353 -7.86207235E+00 -5.77065753E+00 -6.71978535E+00  2.98480000E+03 -1.67080000E+03 -3.57090000E+02
    354  8.20852765E+00 -6.94195753E+00 -6.55738535E+00  1.88200000E+03 -3.38740000E+03  5.16050000E+01
    355  7.77037654E-01  4.35774247E+00 -6.62868535E+00  3.66760000E+03  2.79940000E+03  6.85130000E+03
    356  4.87627654E-01  3.40054247E+00 -6.62168535E+00 -2.59330000E+03 -5.37290000E+03 -2.41740000E+03
    357  1.60867654E-01  4.88854247E+00 -7.21058535E+00 -2.72240000E+03 -1.28840000E+03 -3.43200000E+03
    358 -1.03097235E+00  3.05282471E-01 -1.86008535E+00 -3.70420000E+03 -1.70260000E+03 -1.35380000E+04
    359 -3.66582346E-01  4.12592471E-01 -1.12048535E+00  3.47790000E+03  3.84320000E+02  8.92460000E+03
    360 -1.92947235E+00  9.65634713E-02 -1.47408535E+00 -1.74820000E+03 -8.59340000E+02  3.91820000E+03
    361 -2.32927235E+00  3.36274247E+00 -3.71085349E-01  9.49890000E+03  1.56100000E+03 -8.98910000E+03
    362 -2.82927235E+00  4.06244247E+00  1.39142651E-01 -5.21500000E+03  2.77490000E+03  2.83610000E+03
    363 -2.35547235E+00  2.49944247E+00  1.32897651E-01 -2.44180000E+03 -6.16380000E+03  6.17070000E+03
    364  7.63952765E+00 -4.51285753E+00 -4.03638535E+00 -7.33630000E+03  6.68750000E+03  6.22800000E+02
    365  7.40982765E+00 -4.79275753E+00 -4.96858535E+00  2.34100000E+03 -3.16790000E+03 -3.99860000E+03
    366  8.49702765E+00 -4.94635753E+00 -3.75938535E+00  6.15610000E+03 -4.68130000E+03  2.57550000E+03
    367 -4.04207235E+00  8.42624247E+00  5.41121465E+00 -4.19850000E+03  6.17970000E+02 -5.63380000E+03
    368 -4.03027235E+00  7.94454247E+00  6.28751465E+00  3.24590000E+03 -2.61910000E+03  4.87250000E+03
    369 -3.55207235E+00  7.88624247E+00  4.72691465E+00  5.68020000E+03 -6.70510000E+02  2.29410000E+02
    370  2.82162765E+00 -1.68785753E+00 -4.25818535E+00 -1.09850000E+04  9.74480000E+02  2.53560000E+03
    371  3.57032765E+00 -1.81685753E+00 -3.60788535E+00  5.19730000E+03  6.00150000E+02  2.06530000E+03
    372  3.16702765E+00 -1.79475753E+00 -5.19048535E+00  6.53490000E+03 -2.42400000E+03 -5.52610000E+03
    373  4.44292765E+00 -7.04505753E+00  8.33601465E+00 -2.59260000E+03  1.14520000E+04  7.40810000E+03
    374  4.68362765E+00 -6.49355753E+00  7.53731465E+00  1.25360000E+03 -1.56150000E+03 -3.84480000E+03
    375  4.20212765E+00 -7.97025753E+00  8.04261465E+00  3.32370000E+03 -7.95390000E+03 -4.63110000E+03
    376  3.67632765E+00  2.47324713E-02 -1.67018535E+00 -2.04190000E+03 -8.21480000E+03  7.33050000E+03
    377  3.08062765E+00  7.70682471E-01 -1.96798535E+00 -3.17190000E+03  5.79000000E+03 -2.55390000E+03
    378  4.55932765E+00  9.71564713E-02 -2.13398535E+00  3.63220000E+03  2.06380000E+03 -6.28870000E+03
    379 -5.87322346E-01 -4.70835753E+00 -7.44348535E+00 -5.04750000E+03 -3.46120000E+03 -8.22110000E+03
    380 -8.51372346E-01 -3.74395753E+00 -7.42878535E+00  9.14060000E+02  1.48290000E+03  2.21880000E+03
    381 -5.71023455E-02 -4.92185753E+00 -6.62288535E+00  3.66130000E+03 -2.15200000E+02  5.15440000E+03
    382  3.89982765E+00  4.77314247E+00  2.90271465E+00 -2.93080000E+02  1.45240000E+04  1.68720000E+03
    383  4.28362765E+00  4.04994247E+00  3.47681465E+00  2.02840000E+03 -9.25220000E+03  2.75690000E+02
    384  3.35552765E+00  4.36444247E+00  2.17021465E+00 -2.54030000E+03 -8.71670000E+03 -3.03100000E+03
    385 -5.65862346E-01 -8.45945753E+00  7.36171465E+00  4.10150000E+02 -4.61500000E+03  4.27590000E+03
    386 -7.14472346E-01 -7.59335753E+00  6.88461465E+00 -1.96230000E+02  5.20460000E+03 -3.23060000E+03
    387  3.59140654E-01  8.72004247E+00  7.74131465E+00  2.61950000E+03  2.69330000E+03 -2.31130000E+03
    388  5.87392765E+00 -6.85475753E+00  4.36621465E+00  6.89930000E+03  9.97620000E+03  7.07370000E+03
    389  5.46672765E+00 -7.08165753E+00  3.48151465E+00 -6.20870000E+03 -5.88720000E+03 -5.36390000E+03
    390  6.11322765E+00 -7.69685753E+00  4.84941465E+00 -1.82970000E+03 -3.84540000E+03 -5.67020000E+02
    391 -1.04587235E+00 -3.97585753E+00  2.69001465E+00  8.29920000E+03 -6.38810000E+03  9.01550000E+03
    392 -1.64647235E+00 -3.22915753E+00  2.97601465E+00 -5.13060000E+03  3.77140000E+03 -1.06110000E+03
    393 -9.20372346E-01 -3.94225753E+00  1.69851465E+00 -3.59200000E+03  2.21170000E+03 -8.32020000E+03
    394  4.72222765E+00  7.18334247E+00 -1.66998535E+00 -1.54580000E+04  8.37380000E+03 -4.40900000E+02
    395  4.91902765E+00  6.88224247E+00 -7.36875349E-01  6.22210000E+03 -1.09950000E+03  2.76810000E+03
    396  5.40982765E+00  6.81064247E+00 -2.29298535E+00  9.63270000E+03 -4.51330000E+03 -2.49500000E+03
    397 -4.31997235E+00  5.79504247E+00 -2.41148535E+00 -3.14790000E+03 -8.13650000E+02 -2.35780000E+03
    398 -3.94097235E+00  5.76494247E+00 -1.48658535E+00  2.20810000E+03 -3.86020000E+02  4.11720000E+03
    399 -3.80047235E+00  6.44664247E+00 -2.96408535E+00  7.10550000E+02  1.05380000E+03  4.29980000E+02
    400 -5.65697235E+00 -3.69205753E+00 -7.00368535E+00  1.50690000E+03 -1.06080000E+04 -3.17940000E+03
    401 -5.04337235E+00 -2.90375753E+00 -6.95808535E+00 -4.83410000E+00  5.57660000E+03  1.64590000E+03
    402 -6.59927235E+00 -3.39035753E+00 -6.85828535E+00 -1.14710000E+03  6.28340000E+03  1.57810000E+03
    403  9.95547654E-01  1.95274247E+00  3.07551465E+00 -4.42290000E+03 -1.10460000E+04 -6.15410000E+03
    404  1.52292765E+00  2.55324247E+00  2.47451465E+00  3.40870000E+03  5.51900000E+03 -2.93370000E+03
    405  1.24574765E+00  2.12974247E+00  4.02741465E+00  1.31640000E+03  3.35520000E+03  5.57870000E+03
    406 -5.42627235E+00  4.17264247E+00 -6.01478535E+00 -3.46190000E+03 -1.71370000E+04 -5.93840000E+03
    407 -5.66817235E+00  4.35804247E+00 -5.06238535E+00 -2.21700000E+03  7.14790000E+03  7.29070000E+03
    408 -4.83967235E+00  4.90574247E+00 -6.35898535E+00  4.48790000E+03  1.22420000E+04 -9.83720000E+02
    409  3.18412765E+00 -5.72517529E-01  2.02431465E+00  2.36280000E+03  1.00590000E+03  8.06040000E+03
    410  2.70012765E+00 -1.01415753E+00  1.26881465E+00 -1.23070000E+03 -4.50770000E+03 -5.66190000E+03
    411  2.80962765E+00  3.43062471E-01  2.17081465E+00 -1.09200000E+03  1.78600000E+03 -7.73500000E+02
    412  7.04282765E+00  2.35124247E+00  5.82161465E+00  3.64130000E+03  1.24420000E+04 -7.59370000E+03
    413  7.23442765E+00  1.36994247E+00  5.80071465E+00  1.05740000E+03 -1.02460000E+04  4.51000000E+03
    414  6.33292765E+00  2.53834247E+00  6.50051465E+00 -4.01870000E+03 -1.27350000E+03  4.67570000E+03
    415 -1.56947235E+00 -5.83715753E+00  6.56361465E+00  6.68820000E+03 -1.47630000E+04 -5.46660000E+02
    416 -2.22907235E+00 -5.10695753E+00  6.38521465E+00 -2.34570000E+03  1.17860000E+04 -2.19090000E+03
    417 -1.05717235E+00 -5.62805753E+00  7.39651465E+00  1.18110000E+03  4.01290000E+03  3.76850000E+03
    418  5.72217654E-01  5.64942471E-01  3.40114651E-01  6.14930000E+02  1.56180000E+03 -3.05630000E+03
    419  5.48807654E-01  9.64602471E-01  1.22151465E+00 -1.81490000E+03  3.37910000E+03  4.11890000E+03
    420  1.02286765E+00 -2.81197529E-01  4.79714651E-01  1.06360000E+03 -4.67570000E+03 -1.42060000E+03

